0
0.0
0.0
0.0
0.0
0.0
0.0
0.0
0.0
0.0
0.0
0.0
0.0
0.0
0.0
0.0
0.0
0.0
0.0
0.00285802733541
0.0
0.0
0.0
0.0
0.0
0.0
0.0
0.00585331202569
0.0
0.0
0.0
0.0
0.0
0.0
0.0
0.0
0.0
0.0
0.0
0.0
0.0
0.0
0.0
0.0
0.0
0.0
0.0
0.00715149869144
0.0
0.0059861985348
0.0
0.0
0.0
0.0
0.0
0.0
0.0
0.0
0.0
0.0
0.0
0.00753569827091
0.00105754142779
0.0
0.0
0.0
0.0
0.0
0.0
0.0
0.0
0.0
0.0
0.0
0.0
0.0
0.0
0.0
0.0
0.0
0.0
0.0
0.0
0.0
0.0
0.0
0.0
0.0
0.0
0.0
0.0
0.0
0.0
0.00404214504509
0.0
0.0
0.0
0.0
0.0
0.00350308673998
0.0
0.0
0.0
0.0
0.00610561926884
0.0
0.0
0.0
0.0
0.0
0.0
