0
0.0066345570364
0.00550308867451
0.0
0.0
0.0
0.0
0.0
0.00576145972772
0.0
0.0
0.0
0.0
0.0
0.0
0.0
0.0
0.0
0.0
0.0
0.0
0.0
0.0
0.0
0.0
0.0
0.00672877095318
0.0
0.0
0.0
0.0
0.0
0.0
0.00479611990719
0.0102922366619
0.0
0.0
0.0
0.00194104213507
0.0
0.0
0.00589084580116
0.00304911538254
0.0
0.00336855791474
0.0
0.0
0.0
0.0
0.0
0.0
0.0
0.0
0.0
0.0
0.0
0.0
0.00668444598959
0.000831436657308
0.0
0.0
0.0
0.0
0.0
0.0
0.0
0.0
0.0
0.0
0.0
0.0
0.0
0.0071661584638
0.0132028493484
0.0
0.0
0.0
0.0
0.0
0.0
0.0
0.0
0.0
0.0
0.0
0.00205913706226
0.0
0.0
0.0
0.0
0.0
0.00757300041926
0.0
0.0
0.0
0.0
0.00197773200331
0.0
0.0
0.0
0.0
0.0
0.0
0.0
0.0
0.0
0.0
0.0
0.0
0.0
0.0
0.0
0.0
5.99205773808e-05
0.0
0.00224391382565
0.0090319769132
0.0147636420037
0.0208329206055
0.000410530833317
0.0
0.0
0.0
0.00385696328045
0.00277978347826
0.0
0.0
0.00631062915664
0.0
0.0
0.0
0.0
0.0
0.0
0.0
0.0
0.0
0.0
0.0
0.0
0.0
0.0
0.0
0.0
0.0
0.0
0.00178497529433
0.0
0.0
0.0
0.0
0.00141181900005
0.0
0.0
0.0
0.0
0.00197711061152
0.0
0.0
0.0
0.00275793131583
0.0
0.0
0.0
0.00424199278088
0.00694648493669
0.0046331482177
0.0
0.0
0.0
0.0
0.0
0.0
0.0
0.0
0.00257684289352
0.0
0.0
0.0
0.0
0.0
0.0
0.0
0.0
0.0
0.0
0.0
0.0
0.0
0.0
0.0
0.0
0.0
0.0
0.0
0.0
0.0
0.00126117072553
0.0
0.0
0.0
0.00555683045873
0.00611628588971
0.0
0.00111554245413
0.0
0.0
0.0
0.0
0.0
0.0
0.0
0.0
0.0
0.0
0.0
0.00739998699733
0.0
0.0
0.0
0.0
0.0
0.0
0.0
0.0
0.0
0.0
0.00798186703878
0.0
0.00384002808359
0.0
0.0
0.0
0.0
0.0
0.0
0.0
0.0
0.0
0.0
0.0
0.0
0.0
0.004991089599
0.0112465107973
0.0
0.0
0.0
0.00534874108494
0.0
0.0
0.0
0.0
0.0
0.0
0.0
0.0
0.00395724405612
