0
0.0
0.00485684117924
0.0
0.0
0.00132836630028
0.0
0.00539115980836
0.0
0.00588051572505
0.0
0.0
0.00321094858588
0.0
0.000514172596601
0.0
0.0
0.00425255877593
0.00836637202291
0.0
0.0
0.0
0.0
0.00348061781683
0.0
0.0
0.00311028602216
0.0035688629878
0.00130916288405
0.0
0.0
0.0
0.0
0.0
0.0
0.0
0.00109328921708
0.0
0.0
0.0
0.0
0.0
0.0
0.0
0.00741674835826
0.0
0.0
0.0
0.0
0.00310731135555
0.0
0.00433420747423
0.00213083146674
0.0101216028189
0.0
0.000230133177186
0.00747881547894
0.0
0.0
0.0
0.0
0.0
0.000731798924484
0.0
0.00380685034427
0.00262156771383
0.0
0.00622682825656
0.0
0.0
0.0
0.00471802046584
0.0
0.00502922101808
0.0
0.00650633942222
0.0120477422878
0.00160542486418
0.0
0.0
0.0
0.00156795237832
0.0
0.0
0.0
0.0
0.0
0.0
0.0
0.00426716284818
0.0
0.0
0.00363066594173
0.0
0.0
0.0
0.0
0.0
0.00410071375148
0.0
0.00528573182102
0.0
0.0
0.0
0.0
0.0
0.0
0.0
0.0
0.0
0.0
0.00725221252361
0.0
0.00671332741525
0.0
0.0
0.0
0.0
0.0
0.0
0.0
0.000768690844356
0.00361483996624
0.0
0.0
0.0
0.0
0.0
0.0
0.0
0.0
0.0
0.0
0.0
0.0
0.0
0.0
0.0
0.0
0.0
0.0
0.0
0.0
0.00503388918884
0.0
0.0
0.00544790254882
0.0
0.0
0.0
0.0
0.0
0.00121721986085
0.0
0.0
0.00366447530393
0.0
0.0
0.0
0.00629746624396
0.0
0.0
0.0
0.0
0.0
0.00548382618097
0.000575995322614
0.00388529428535
0.0
0.0
0.00438493494923
0.0
0.0
0.000970243498041
0.0
0.0
0.0011414635759
0.0
0.00198435149916
0.00649990659209
0.00835104727912
0.0
0.0
0.0
0.0
0.0
0.0
0.0
0.0
0.00457513018773
0.0101899371531
0.0
0.0
0.0
0.0
0.0
0.0
0.00665413278754
0.00761839617654
0.0
0.0
0.0
0.00372552711632
0.00831369723948
0.0
0.005785690327
0.0128485287604
0.0196635296739
0.0
0.0
0.0
0.0
0.0
0.0
0.0
0.0
0.0
0.0043613657723
0.0
0.00779342554078
0.0
0.0
0.0
0.0
0.0050265630401
0.0
0.0
0.0
0.0
0.0
0.0
0.0
0.00192226875367
0.0
0.00689564372868
0.0
0.0
0.0
0.0
0.0
0.0
0.0
0.0
0.00562319458323
0.0
0.0
0.00789193887032
0.00921114011357
0.00949690367431
0.0
0.0
0.0
0.0
0.0
0.0
0.0
0.0
0.0
0.0
0.00555047545613
0.00442601824079
0.0
0.0
0.0
0.0
0.0
0.000113466502841
0.0
0.0
0.0
0.00550474523041
0.0085084699123
0.0
0.0
0.0
0.00219380845956
0.0
0.0
0.0
0.00159948877532
0.0
0.0
0.0
0.0
0.0
0.0
0.00267923333322
0.0
0.0
0.000175942841154
0.00464311797962
0.0
0.00382268477557
0.0
0.00499954763984
0.00839001868134
0.00279460958436
0.0
0.0
0.0
0.00623682810614
0.00706925320297
0.0
0.0
0.00589440786413
0.0
0.0
0.0
0.00659242719654
0.0
0.00280144025716
0.000424583207593
0.0
0.0
0.0
0.0
0.00511996261114
0.00548007900207
0.0
0.0
0.00427698638959
0.0
0.0
0.00644793890855
0.0
0.00274595270895
0.0
0.0
0.00623735961378
0.0
0.0
0.00341603707691
0.0
0.00387728687371
0.00389410836978
0.0
0.0
0.0
0.0
0.000902767826355
0.0
0.0
0.0
0.00489948772196
0.0
0.0
0.00248149602159
0.00265133556045
0.0
0.0
0.00614803101463
0.0138683772572
0.00708080097335
0.0039492028563
0.0
0.0
0.00345503621434
0.0
0.0
0.0
0.00585886108522
0.0
0.0049440122328
0.00468701361018
0.0
0.00316994450253
0.0
0.0
0.0
0.0
0.000598652073162
0.0
0.0
0.00379387785203
0.0
0.0
0.0
0.0
0.0
0.00599852637339
0.00846285826842
0.0
0.0
0.00491005031674
0.0
0.0
0.00754357081487
0.00553213909654
0.0134131266307
0.00549373599004
0.00941396949292
0.0
0.0
0.0
0.0
0.00323086781034
0.0
0.0
0.0
