0
0.0
0.00457086574537
0.00641966555015
0.00887806798773
0.00267329946231
0.0
0.0
0.0
0.0
0.0
0.0
0.0
0.00590733802733
0.00281447674545
0.0
0.000496067386752
0.006942908461
0.0128879792826
0.00434641257476
0.00514381115173
0.0107033575165
0.00940786847589
0.00584389000864
0.0
0.0
0.0
0.0
0.0
0.00273791565636
0.0046488448554
0.00306330389105
0.0
0.00795300550147
0.0
0.00461232332481
0.00164821525942
0.0
0.00765922162402
0.000678020452644
0.00203100318773
0.0
0.00751950175731
0.000948050973535
0.0
0.0
0.0
0.00170652816572
0.00217842696444
0.0
0.006811629486
0.0
0.0
0.0
0.00166376637125
0.0
0.00633656459226
0.0
0.0
0.0
0.00687582714232
0.0
0.00561164990941
0.0
0.0
0.0
0.0
0.0
0.0
0.0
0.0
0.0
0.00515889237153
0.00419409995402
0.0109568435976
0.0037999716745
0.00171882874316
0.000452060870643
0.0
0.0
0.0023902569988
0.00125153134414
0.0
0.0
0.0
0.000978982420153
0.0
0.0
0.0
0.0
0.00121879934701
0.0
0.0
0.0
0.0
0.0
0.0
0.0
0.0
0.0
0.0
0.0
0.0
0.0
0.00644371179555
0.0
0.0
0.00457296223884
0.00989343565385
0.0162909332521
0.00560280216253
0.0076733352153
0.0
0.0
0.0
0.00445221221175
0.0
0.0
0.00244869214116
0.0
0.0
0.0
0.0
0.00241229482278
0.00422238454026
0.0
0.000495652127236
0.00749391551926
0.000590776464974
0.0
0.0
0.00500258904491
0.00214433619319
0.0064789581869
0.0
0.0
0.0
0.0
0.00309267553253
0.0099072592805
0.0173878264533
0.00876341423465
0.00795468040544
0.0
0.0
0.0
0.0
0.0
0.0
0.0
0.0
0.0
0.00038240972533
0.0
0.00397622230058
0.0
0.0
0.0
0.0
0.00298429464713
0.0
0.0
0.0
0.0
0.0
0.0
2.32676214296e-06
0.0
0.00654842677171
0.00445868711202
0.00510853303896
0.00918468249577
0.0
0.0
0.0
0.0
0.0
0.00332773516645
0.0
0.0
0.0
0.00729950588006
0.0
0.0
0.0
0.0
0.0
0.0
0.0
0.0
0.0
0.0048505405999
0.0027083797338
0.0
0.00630667132949
0.0
0.0
0.00176047667299
0.0
0.00494517228607
0.00540367606552
0.0
0.0
0.00346193063663
0.0
0.0
0.0073142624805
0.0
0.0
0.0
0.0
0.00561978321044
0.00571905318431
0.0
0.0
0.0
0.00593653817523
0.00645203540624
0.00417956080241
0.0
0.0
0.00534730806883
0.0
0.0
0.0
0.00260270829315
0.0
0.0
0.0
0.00492713666638
0.0
0.0
0.0
0.0
0.0
0.0
0.0
0.0
0.0
0.0
0.0058713894677
0.00313972845171
0.00271344378199
0.0
0.0
0.00653764150377
0.00203487307682
0.00840294918186
0.0115352777065
0.0
0.0
0.0
0.0
0.00639747359106
0.0
0.0
0.00781387040059
0.0152086161923
0.0
0.0
0.0
0.0
0.00435563358613
0.00917509830517
0.0
0.00368051748777
0.00711267385354
0.00217997496835
0.00431455835583
0.0
0.0
0.0
0.0
0.0
0.00523068254659
0.0
0.0
0.0
0.0
0.0
0.00213104633102
0.0
0.0
0.0
0.0
0.00636624834454
0.0
0.0019980720918
0.00745352572919
0.0
0.0
0.00352854336271
0.00957472922355
0.0110257278474
0.0131180461232
0.0
0.0
0.0
0.0
0.00258292229434
0.0077613982849
1.1822838089e-05
0.0
0.000747232583113
0.0
0.0
0.0
0.0
0.00735872981472
0.0043273965062
0.00639966732566
0.00954729506997
0.0166686607153
0.0238478969535
0.0296856271658
0.0
0.0
0.0
0.0
0.0
0.0
0.0
0.00459529268534
0.0
0.00149547273632
0.0
0.0
0.0
0.0
0.0
0.00050883956627
0.0
0.0
0.00749263308358
0.00826943826733
0.00268990742933
0.0
0.0
0.0
0.0
0.0
0.0
0.0
0.0
0.0
0.0037838864096
0.0
0.0
0.00664592365338
0.0040927570915
0.0
0.00451075372286
0.0
0.00704588239442
0.00173229833018
0.00364404596052
0.0
0.00425860865709
0.0
0.00107551971562
0.0
0.0
0.0
0.0
0.0
0.0
0.00745546403346
0.0102897983146
0.017258487694
0.0153324845801
0.0119844202778
0.0
0.0
0.0
0.00681263751304
0.0
0.0
0.00539334853044
0.00708756806984
0.0120965131795
0.0124738873846
0.0
0.0
0.0
0.000711248626185
0.00265854838659
0.00257580453533
0.0
0.0
0.000407417120133
0.0
0.0
0.00428961110563
0.0
0.0
0.0
0.0
0.0
0.00732838752656
0.00422653503099
0.0
0.0
0.0
0.0
0.0
0.0
0.0
0.0
0.00164029913433
0.0
0.00647463125921
0.0103565352571
0.016726807187
0.00962812674337
0.000492454776307
0.0
0.0
0.0
0.00102944813455
0.00848425253042
0.0
0.00741414546471
0.000840616610716
0.0
0.00702326970075
0.0
0.0
0.0
0.0
0.0
0.0
0.0
0.0
0.0
8.92282724454e-05
0.0
0.0
0.0
0.0
0.0
0.0
0.0
0.0
0.0
0.0
0.0
0.0
4.47944275894e-05
0.00390031545063
6.38305761047e-05
0.00579155127863
0.0
0.00639413857859
0.0025311790028
0.00876664570179
0.0
0.0
0.0
0.0
0.0
0.00498902969039
0.0109292418456
0.00516895982222
0.0
0.0
0.0041556554631
0.0
0.0
0.00692831405751
0.0
0.00669596088614
0.00566765862501
0.00630233317436
0.0012309372125
0.0
0.0
0.0
0.0
0.00768189230504
0.0
0.0
0.0
0.0
0.0
0.0
0.0
0.00320845912975
0.0069047755663
