0
0.0
0.0
0.0
0.00270897233086
0.0
0.000994632270801
0.0
0.0
0.00366314027226
0.0
0.0
0.0
0.00795904064345
0.0135870992967
0.00260108148134
0.0
0.0
0.0
0.0
0.0
0.00582222259907
0.0134810139186
0.0
0.0
0.0
0.000648451486126
0.0056041356288
0.0
0.0
0.004186148031
0.0102368236747
0.0
0.0069468963353
0.00777565616142
0.000875216938949
0.00830897887637
0.00719934696787
0.0
0.0
0.0
0.00263838824856
0.0
0.0
0.00726386440366
0.0151889148563
0.00690777874101
0.0
0.0
0.00658673369272
0.000648642352827
0.0
0.00518442619387
0.0110135690378
0.00184441291475
0.0
0.0
0.0
0.00334033408831
0.00872337892031
0.00699062883886
0.0
0.0
0.00516091405295
0.00983718943921
0.00884893159917
0.0121772505816
0.0
0.0
0.00654838853271
0.010563141293
0.0116863645565
0.0189387066136
0.0256762076281
0.0318641881935
0.0264523639133
0.0189162763495
0.0160359262341
0.0163456790494
0.0234087394586
0.0311388350269
0.0389274766747
0.0
0.000466970874474
0.0
0.0006957414822
0.0
0.0
0.00524129127477
0.00888608901145
0.0
0.00727336814818
0.0133169458109
0.0
0.0
0.00235926938615
0.00241315298718
0.00166438605658
0.0
0.00361076369192
0.0
0.0
0.00011864356854
0.0
0.0
0.0
0.00666107753596
0.00738419883604
0.00815575733731
0.0
0.0
0.00671404855577
0.00158513185534
0.0
0.0
0.0
0.0
0.0
0.0
0.0043744683172
0.0
0.0
0.0
0.00202360351318
0.0
0.000643136344052
0.0
0.0
0.00462409242851
0.0
0.00665186734902
0.00529786865274
0.00330798187849
0.00790104129218
0.0
0.00606434167291
0.0101018327012
0.0180506200062
0.0105586305175
0.0109141537892
0.0183754516124
0.00907810595568
0.0164313303359
0.0231818633947
0.0
0.0
0.000549877085924
0.000645588493605
0.00811128914168
0.0
0.00323835476476
0.0
0.0070511307093
0.0
0.00571123015574
0.00131898602836
0.0
5.89082370217e-06
0.0
0.00286613773503
0.00827696895051
0.0102207475981
0.018137887415
0.0101096284476
0.0
0.0
0.0
0.0
0.0
0.00551525512866
0.0
0.0
0.0
0.00695683458823
0.0
0.0
0.0
0.0
0.0
0.00368736605403
0.0
0.0
0.0
0.0
0.00616380239628
0.00605417867395
0.0108466587072
0.0
0.0
0.0
0.00471307214828
0.0
0.0
0.0
0.0
0.0
0.0
0.00351621849742
0.0
0.0
0.0
0.0
0.0
0.0
0.0
0.0
0.0
0.0
0.0033070238528
0.0
0.00676379859012
0.00889190392418
0.0
0.0
0.00284066771486
0.0
0.0
0.0
0.0
0.0
0.0
0.0
0.0
0.0
0.0
0.0
0.0
0.0
0.0
0.0076262475939
0.0131533658268
0.00886433285856
0.016247788524
0.020478933982
0.0
0.0
0.0
0.0
0.00258690005549
0.0
0.00677470295512
0.0
0.0
0.0044636660558
0.0104133907105
0.0124934923226
0.0172172642888
0.0198577753761
0.0242789267848
0.0104228738022
0.000811202670806
0.00744517524245
0.0145941425733
0.0179490133792
0.0134619610465
0.0160579343065
0.0222678567556
0.0133658830702
0.0
0.00643898741763
0.00450974447681
0.0
0.0
0.00668153191434
0.0
0.00401336049308
0.0
0.0
0.0
0.0
0.0
0.0
0.00156739364962
0.0
0.00768052197183
0.0
0.000340756366042
0.0
0.00562215441378
0.00956480466474
0.0169907571466
0.0162978938033
0.0
0.0
0.0
0.00563525882766
0.0122477547393
0.0016318348366
0.00877447727663
0.0
0.0
0.00634509869535
0.01296158696
0.0175177721832
0.00344950729418
0.0
0.0
0.0
0.0
0.0
0.0
0.00269412331846
0.0
0.0
0.0
0.0
0.00645907458791
0.0112532562349
0.0152600966623
0.00512339320281
0.0
0.0
0.0
0.00329456358751
0.0
0.00323013807304
0.00247382754542
0.0
0.0
0.0
0.00200391991554
0.0
0.0
0.0
0.00221130527863
0.00813821866964
0.0143638505562
0.0059603942514
0.00645533716535
0.00597974123752
0.00756089941218
0.0133953721578
0.00100355167874
0.00167675498383
0.00169392106786
0.0
0.00242038757998
0.000115908738951
0.0
0.0
0.0
0.00773285253222
0.0
0.0
0.0
0.00486396050553
0.0101004793085
0.0159739468083
0.0
0.0
0.0
0.0
0.0
0.0
0.0
0.000555293574251
0.0
0.00525281150008
0.0114004278284
0.0150341551885
0.0129706104531
0.0
0.00497628145773
0.00523790813351
0.0066026768824
0.00976712470974
0.00823464252382
0.0
0.0
0.0
0.0
0.00503395150716
0.00318965413086
0.0
0.0
0.0
0.0
0.0
0.00417266313016
0.00343957611455
0.00265775963079
0.0
0.00524218368018
0.00792078414892
0.005886416103
0.00324800869676
0.00150550567813
0.00936816355511
0.00787767705249
0.0
0.00449064175079
0.0
0.0
0.00790528935716
0.00277703141464
0.00938956473854
0.0
0.00216739689957
0.0
0.00482977564632
0.00954219892349
0.0172275369508
0.00721293106388
0.00557635165328
0.0
0.0017080520712
0.00378964725266
0.00909050004673
0.00468151270449
0.00614773870868
0.0103489037949
0.0
0.00552483687211
0.00333473469703
0.0
0.00430607953755
0.0
0.00583446624342
0.0
0.0
0.00763419786656
0.0
0.0
0.00286049437568
0.00457881224803
0.0
0.0
0.00152659193411
0.0
0.00659660411882
0.0113689427993
0.016332203797
0.0
0.00525860365574
0.0
0.0
0.00668996864058
0.0
0.00644567715591
0.00224768757603
0.0048017061434
0.0
0.00519526086331
0.0
0.00248927094605
0.0
0.0066851719491
0.0124188638427
0.0
0.00489172365836
0.0
0.0
0.0
0.0
0.00796210642529
0.0
0.0
0.00530357545814
0.0
0.0
0.0
0.0
0.0
0.0
0.0
0.00732525214236
0.0150358936289
0.02071469242
0.0
0.0
0.0
0.00223597979213
0.00378369011021
0.00288839673425
0.00424253496432
0.0068796288149
0.0135481558199
0.0164733048617
0.0
0.00238532163175
0.00758285585282
0.00896697781076
0.0094097318834
0.0
0.0
0.0
0.00455687580945
0.00447412971034
0.0108070739621
0.0
0.00215038690432
0.00261866990011
0.0
0.0
0.0
0.00640430365198
0.0116385104909
0.00100556964346
0.0
0.00488481075531
0.0101056962808
0.0
0.00259673417192
0.00484236864935
0.0119193049312
0.00146471584461
0.0
0.00268845068906
0.00925676578469
0.0
0.000496747921843
0.0
0.0
0.0059821936681
0.0
0.0
0.0
0.00112895625961
0.0
0.00398545300922
0.0
0.00733766868099
0.011543581931
0.00123131378756
0.00887526599134
0.0025012594494
0.00798836163789
0.00528449668605
0.012018736533
0.0192271902446
0.0262770621461
0.0198007472424
0.0
0.00179332296148
0.00819943897485
0.0102536482191
0.011435536598
0.0166914146293
0.0141234942013
0.00845392705075
7.37849536705e-05
0.0
0.00390865346258
0.0
0.0
0.0
0.0
0.00116612970812
0.0
0.00529232257115
0.0115311611637
0.00636668850866
0.0
0.0
0.000734137690197
0.00128773141828
0.00772537870191
0.00354770714674
0.00197947770837
0.0
0.0
0.00772150135997
0.0
0.00480729377381
0.00648158079802
0.0
0.0
0.00517541150667
0.00970829680448
0.0
0.0
0.0
0.00516763587169
0.00970097890751
0.0136603300766
0.0
0.0
0.0
0.00667285518556
0.0
0.0
0.0
0.0
0.00727906052447
0.0
0.000708630249356
0.0
0.00543799029526
0.0
0.0
0.0
0.0
0.0
0.0
0.0
0.00501235295783
0.00776017797244
0.0
0.0
0.0
0.0
0.00667430730801
0.00414039432988
0.00822694147276
0.0
0.0
0.00132024029756
0.0
0.0
0.0
0.00159031875988
0.00627902573626
0.0
0.00723908969116
0.0
0.00449622072865
0.0
0.0
0.0
0.0
0.0
0.0
0.0
0.0
0.0
0.0
0.00776733848857
0.0131065508691
0.0
0.0
0.0
0.00529382491679
0.0128965776371
0.0145895775808
0.0152550716468
0.0215695875009
0.0
0.0
0.0
0.0
0.0
0.00373600425071
0.0
0.00140403080876
0.00467979038179
0.0088048189804
0.0159237816883
0.0156799213635
0.0
0.0
0.00478563425331
0.00884498332164
0.0
0.0
0.0
0.00451520839531
0.0107739997542
0.0101389247101
0.0173034657493
0.0216259709994
0.0100503908191
0.0171116923596
