0
0.0
0.0
0.00646892119566
0.0
0.0
0.00410415125819
0.0
0.00213799310435
0.00528779780427
0.00453632745154
0.00531489487974
0.0
0.0
0.00543613545829
0.00757944179876
0.0
0.00685669963921
0.00100659586647
0.00820777535101
0.0
0.00751953130007
0.00971872417944
0.0138446348655
0.0197232771018
0.0266829188769
0.0339886762928
0.0335214641298
0.0339963963714
0.0115947842535
0.0152725412131
0.0199588280819
0.0
0.00123297338461
0.0
0.0
0.0
0.00239376028055
0.00490405045346
0.0
0.0
0.0
0.0
0.0
0.0
0.00420529127816
0.0
0.0
0.00439547823844
0.0
0.00353785255494
0.0
0.0
0.00226572813336
0.00116139387616
0.0
0.0
0.0
0.0
0.00519263713359
0.0
0.0
0.0
0.0
0.0
0.00353972971135
0.00635337744947
0.0124056687352
0.0163035045061
0.0152581582665
0.0178896866485
0.0176735530822
0.017349666484
0.022940704071
0.0
0.0
0.0
0.0
0.0
0.0
0.0
0.0
0.0066156366414
0.00503474499815
0.0
0.0
0.0
0.0
0.00747202993621
0.0127750234001
0.0202315728113
0.0239404000546
0.0277987907315
0.0280762756748
0.0301079538927
0.0356611732254
0.0214700739004
0.0
0.0
0.000801126559051
0.0
0.0
0.0
0.00235017918946
0.00225438354201
0.0
0.0
0.0066720871588
0.0
0.00430727781801
0.0116182551147
0.0156719068274
0.010826553407
0.00182808239403
0.0
0.0
0.00479383017916
0.00770212260775
0.010355852888
0.0143925479361
0.0193259020162
0.0235962305249
0.00585042468828
0.0
0.0
0.00595537389201
0.0
0.000422448452366
0.0074368716148
0.0082148615724
0.0
0.00325434801729
0.00534861440627
0.0
0.00738092744623
0.0101848237728
0.0
0.0
0.00454707602159
0.0
0.0
8.30097806674e-05
0.0
0.0
0.0
0.0
0.0
0.0
0.00240437034164
0.00356869998268
0.00562144664912
0.0
0.00398820018284
0.00448291564811
0.0
0.0
0.0
0.00361351341405
0.00151221123215
0.00739191129437
0.011683000561
0.0190974848739
0.0160457664999
0.0202853771576
0.0228134502384
0.0181534454321
0.0214230790159
0.000863498383545
0.00538548626669
0.00996773092854
0.00919817460796
0.00911809641376
0.0145552070861
0.00970173168859
0.0171906003798
0.0125088683741
0.0
0.00236109322936
0.00805440267212
0.0104534635231
0.00590073663674
0.0
0.0
0.0
0.0
0.00410334660387
0.00279620247237
0.0
0.00052561299993
0.0
0.00382419379911
0.0101805138225
0.0153016432517
0.016510686125
0.00312667894467
0.0105856125014
0.00103765868702
0.00677907856434
0.00272287730178
0.00297487413827
0.0
0.0
0.0065220434748
0.0
0.0
0.0
0.00690285739652
0.0
0.0
0.00237750653765
0.00494488700991
0.0
0.0
0.0
0.000114176376123
0.0
0.00403912798616
0.0113439336829
0.0185141333179
0.0199437210914
0.0
0.0
0.0
0.00335988620941
0.0100694531955
0.0160569435953
0.0
0.0
0.0
0.0
0.0
0.0
0.0
0.00425761824906
0.0
0.00478059299347
0.0114603771701
0.00302605799045
0.0
0.00471544458114
0.0114648468334
0.0107200207476
0.0
0.0
0.0
0.00494272522526
0.00221688154241
0.0
0.00615786094506
0.011679384382
0.00880093389586
0.0
0.0
0.0
0.00447025150742
0.0
0.0
0.00730283676826
0.0
0.00560833431025
0.00491698024478
0.0
0.000947320936485
0.0
0.0
0.00705625803046
0.0034961739724
0.0
0.0
0.00358964632572
0.00780683289627
0.015482596109
0.0133351687868
0.0187904433698
0.0172921412862
0.0
0.00169572561909
0.00633296492168
0.0
0.0
0.00565067410904
0.0
0.0040336350254
0.0111596120268
0.00494642894583
0.00781129215479
0.00839788839386
0.0158468825753
0.0188561315602
0.0143518324491
0.0
0.0
0.00465159960849
0.0
0.0
0.00443912076998
0.0
0.0
0.0
0.00107190625528
0.0
0.0
0.0
0.0
0.00542145964019
0.0
0.000729921078221
0.0
4.66803861539e-05
0.0
0.002593101552
0.00274779259095
0.0043058496703
0.0
0.00689190107516
0.0111380665641
0.0157601282711
0.0228371537113
0.0200708153121
0.0111098732713
0.0
0.0
0.0
0.00627374844766
0.0135012850127
0.0
0.0079753361227
0.0145353287025
0.011158638997
0.0142956579681
0.019302063973
0.0116066735158
0.0141238797733
0.0113729036998
0.0
0.00299330772811
0.00333357568514
0.00963049351573
0.0137048047475
0.0
0.0
0.0
0.0053731324366
0.00288208113296
0.0
0.0
0.0
0.0
0.0
0.0
0.00471621501851
0.0
0.00136163358781
0.00173084038416
0.00842981879025
0.0131491823699
0.00899772181191
0.0
0.000838248830077
0.0
0.00312539772324
0.000320603902487
0.0
0.00289933369877
0.0
0.00522078861664
0.0
0.0
0.0
0.00537213420216
0.0113593979422
0.0124833178139
0.0103560041824
0.0172569714075
0.00510618370799
0.00894791696143
0.00401976602161
0.00313998255181
0.00606260617049
0.0
0.00776666077893
0.00479574689667
0.00417884903868
0.0
0.00604731869653
0.00265448174603
0.00788969393069
0.0
0.00566547624721
0.00157702863966
0.000193964408664
0.0
0.00693012685592
0.0135765655805
0.0169466065165
0.00843229921156
0.0118659115143
0.0195723489039
0.0
0.0
0.00268342862215
0.00929734849677
0.0132710829578
0.0
0.0
0.0
0.0
0.00623946740891
0.00837712173404
0.013763825836
0.0177142523602
0.00281405822111
0.0
0.00393231604388
0.00866100688524
0.0141487361616
0.022115220296
0.0266929937256
0.00596019297817
0.0109765618718
0.0134926981763
0.0206426380165
0.0
0.0
0.0
0.0
0.00365340201641
0.00828241817611
0.0
0.0
0.00679098177822
0.0
0.00590796116292
0.000103206012747
0.0
0.0
0.00320349916195
0.00630608645124
0.00271359564482
0.0
0.00430673589826
0.0
0.0
0.00153643832201
0.00515080842565
0.00910161754628
0.00611650437998
0.0
0.0
0.00335503145882
0.00804643391976
0.00495629083703
0.0
0.0
0.00414204275341
0.0
0.0
0.00690955319867
0.0122962609755
0.0141442608437
0.0
0.00713657210338
0.0139690669326
0.0178551162875
0.0
0.0
0.00695872286557
0.0
0.0070156121513
0.0129694792696
0.0192189943821
0.0211747815678
0.0274735773178
0.0280007918124
0.0119416857958
0.0046631635393
0.0
0.0
0.0
0.000910722731802
0.0
0.0
0.0
0.00441567429854
0.0
0.00524432391065
0.012394356665
0.00206453590014
0.00448534695325
0.0
0.0
0.0064817622677
0.00393834534805
0.00147413262284
0.00551991151475
0.007911831146
0.015869797597
0.00216116357274
0.0
0.0
0.0
0.0
0.0
0.00176728582788
0.0
0.0
0.0
0.0
0.0
0.00479043256605
0.0
0.0
0.00168316997273
0.00262727975229
0.0
0.0
0.0
7.08017333375e-05
0.0
0.0
0.0
0.0
0.00739800483572
0.00997666442052
0.017665931316
0.0
0.0
0.0
0.0
0.00734399018298
0.0075492624427
0.0141869576949
0.0139291637591
0.0211629659224
0.024695250992
0.0290545965549
0.0339230705261
0.0414616813321
0.0394957666902
0.0375366862205
0.0232637083596
0.00349431571803
0.0
0.0
0.00108440224192
0.0
0.0037788019792
0.00043702659116
0.0
0.00577239031619
0.00862693490544
0.0
0.00783417804781
0.0
0.00585792311455
0.00719644292725
0.00177476265489
0.00438737190164
0.0
0.0
0.0
0.00548434356731
0.00924144231928
0.00971607477329
0.00224824535321
0.00946420499104
0.0118288711931
0.0
0.0
0.0
0.00410354206837
0.0111856989591
0.0161042303259
0.0
0.0
0.00137403583854
0.0
0.0
0.00217598698757
0.00197423688901
0.00471453125052
0.0
0.00163588039033
0.0
0.00643253616292
0.00592466329788
0.0128681865896
0.0
0.00353461658249
0.00537813640429
0.00271337278267
0.0
0.00562589306488
0.0
0.0
0.000476133718532
0.0
0.0
0.0
0.0
0.00290294662125
0.0101432578937
0.0
0.0
0.00233730911775
0.00374622209404
0.0
0.0
0.0
0.00360723756072
0.00876377265557
0.0
0.0
0.0
0.0
0.0
0.0
0.0
0.00768910417255
0.0103784972716
0.00910176211336
0.0
0.0
0.00286933527189
0.0
0.000987190360743
0.0
0.0
0.0
0.000901813951209
0.0
0.00347388328711
0.00693069092296
0.0
0.0053378106607
0.00840179625418
0.00663355429844
0.0
0.0070616518568
0.0119571205769
0.0
0.0
0.0
0.00600261480674
0.00233683681192
0.0
0.0020307490149
0.0
0.00284650750586
0.0
0.00639919811662
0.00449649502917
0.00724421999204
0.0144233555237
0.0181763171975
0.00656225573646
0.0
0.00794766759917
0.0106566192143
0.0136849338661
0.0168670431928
0.00744692136909
0.0152941786667
0.0164049409854
0.0182389808033
0.0
0.00672642827824
0.0
0.0024619029074
0.0
0.0066418298767
0.0
0.0
0.0
0.000186064881225
0.00433685781856
0.0
0.0
0.000262247057952
0.00321021279245
0.0
0.00593528603048
0.0127159815703
0.00313764949309
0.0
0.0
0.00223972722799
0.00613767385541
0.0
0.00553973122185
0.0115833386107
0.0191374112857
0.0198927750141
0.00893352249844
0.00820349196687
0.0
0.00620800568558
0.00826007044883
0.00351480846825
0.00280889195272
0.00941777184364
0.000438491871524
0.0
0.0
0.0
0.0
0.00370500769472
0.0
0.00742458635576
0.00529638014025
0.00954195447478
0.00307611760665
0.00663809062304
0.0
0.0
0.0
0.00332274411701
0.0
0.0
0.00392826029868
0.0047081381725
0.00640203482079
0.0109496639997
0.0
0.0
0.00464135454082
0.0
0.0
0.00485659753314
0.000273867593604
0.00334476962868
0.00786620134641
0.00962181016395
0.0121677383912
0.0151786150378
0.0
0.00189633794737
0.0
0.0
0.00379348287356
0.00878212256353
0.0132098897223
0.0154709362213
