0
0.00367722809892
0.00141666543013
0.0086589949465
0.00597920390399
0.0105978032251
0.00521443851189
0.0
0.00694823670457
0.0137508825523
0.0190349553145
0.0106978834031
0.0
0.00702255336735
0.0
0.0
0.00463174373945
0.00548957145388
0.012949067577
0.0169765977587
0.0173331108226
0.015054952477
0.000605412387666
0.00806529542469
0.0153313577306
0.0143908398612
0.000861525462387
0.00238868750835
0.0011377739324
0.0
0.00010796306793
0.0
0.0
0.00576949735637
0.00825212542055
0.0155303139931
0.0202147909445
0.0277152476149
0.0279670344803
0.00467764637744
0.00585069054607
0.01251949906
0.0157357777949
0.0139279418835
0.00445804171401
0.0
0.0
0.0
0.00528515141808
0.0
0.0
0.00182876474
0.0
0.00235291326147
0.00270508274373
0.0
0.0
0.00518986632033
0.00728103182439
0.00403877461678
0.0
0.0
0.00660408396152
0.00562159271965
0.00220413959164
0.0
0.0
0.00789336169612
0.00752454460356
0.0152544231411
0.0169176569441
0.0134124003736
0.0
0.0
0.00436889484314
0.00360009790414
0.010416143043
0.0140362509605
0.0193539828747
0.00349443780782
0.0
0.0
0.0
0.00692534131981
0.0117926221702
0.0164716142888
0.0232941092198
0.024790439329
0.00125735656772
0.0
0.00485123981747
0.0
0.0
0.0
0.0
0.0
0.0
0.00609397846001
0.0
0.00183007540179
0.00804534070231
0.0106229016743
0.0
0.0
0.0
0.00504475827374
0.00386586097112
0.00601886738774
0.00689462842169
0.0119530047306
0.0116967241884
0.0190095453953
0.0236983590538
0.0
0.0
0.0
0.00634214711764
0.00778833006298
0.00489737546428
0.0123478972951
0.00336548844661
0.0
0.0
0.0
0.0
0.00580831527258
0.0133958786068
0.0160362551784
0.0219466726971
0.0282915574304
0.0137077635919
0.0173628211888
0.00569198019634
0.00673868312056
0.00107168097286
0.0
0.00505001425026
0.0
0.00567730119289
0.00803108927968
0.00426330571395
0.0120898222947
0.0189535789352
0.0163560124026
0.0207277574344
0.0
0.00608226313999
0.00804272082251
0.00682207747506
0.0
0.0
0.00116555923879
0.00256928760433
0.00646846183066
0.00651748275914
0.0
0.00524458569484
0.00609829420137
0.00503280204264
0.00197477714344
0.0
0.00376157421464
0.0
0.00520166620909
0.00551634642859
0.0105869210313
0.000812869457115
0.00259724806298
0.00903146435034
0.00194904322764
0.0
0.0
0.00174456072435
0.0
0.00517810395427
0.0118546002353
0.0151546288078
0.00589297512819
0.0103363138028
0.0
0.00029690683739
0.00659535067509
0.0
0.0
0.0
0.0
0.0
0.00350984626509
0.0
0.0
0.000691413997654
0.00770197580816
0.0145327605594
0.0205219710692
0.021855047666
0.018637951618
0.0139144447175
0.00406779635538
0.0
0.0
0.0
0.00560868657829
0.00786383004612
0.0
0.00693107871006
0.00326047495942
0.0102040978515
0.0163221289965
0.0101818792337
0.0
0.0
0.0
0.0
0.00798101011655
0.00947264454308
0.0174060614803
0.0
0.0
0.00464858133416
0.0095304340359
0.00607135451548
0.0
0.0011582137774
0.0
0.0
0.0
0.0057065758262
0.0
0.0
0.00297512114984
0.0041608422822
0.0119934154403
0.0
0.0
0.0
0.00633575440736
0.0056222229986
0.0
0.0
0.0
0.0
0.000341875006929
0.0
0.0
0.0013695727194
0.00177360877475
0.0
0.00479701163729
0.0
0.0
0.00219470956622
0.00696119189984
0.00794490358214
0.0137171145222
0.0178437227414
0.0172259331074
0.00928880045305
0.0128486538136
0.0
0.00163465066274
0.00779410034498
0.0031443494857
0.0
0.0
0.00711979340847
0.0
0.0
0.00577709537132
0.0
0.0
0.0
0.00798962461055
0.0154621271028
0.0140692474941
0.0
0.0
0.0
0.0
0.000481681628509
0.0
0.0
0.00169616803593
0.0
0.00767040869284
0.00536472436818
0.0
0.00405876426948
0.00386637918949
0.0102166833477
0.0172197275626
0.013505730353
0.0
0.0
0.000498446358643
0.0
0.0
0.0
0.00796892144327
0.0
0.0
0.00165316370027
0.0
0.0
0.00291638253402
0.000462721164293
0.00173752614065
0.00965295920623
0.0133181797339
0.00863540785977
0.00209147238372
0.0
0.0
0.0
0.00543652325653
0.00447096723145
0.00199020493098
0.0
0.00453498413366
0.0
0.00340956573669
0.0108178119425
0.0171925287992
0.0203289844583
0.0239351568268
0.0254184234213
0.0292195543737
0.029765189408
0.0170599505038
0.0179121847928
0.00946040793974
0.0140295326183
0.00876863418885
0.00822099630116
0.00954448926514
0.0
0.00359492473901
0.00422840655289
0.0
0.0
0.0
0.00502764123806
0.00768373914876
0.0121259079191
0.0
0.0
0.00126688947046
0.0
0.0
0.00186704199007
0.0
0.0
0.00326945958658
0.0106855216042
0.00485156376293
0.0
0.0
0.00584140635561
0.0
0.00620007109888
0.010921163631
0.0170390082678
0.0129191787486
0.0187555001327
0.0260635524747
0.019368819907
0.0202383832834
0.0
0.0069544083074
0.0141274759039
0.00105123127017
0.00464969630528
0.0
0.0
0.0
0.0
0.00355825432616
0.00238191332318
0.00405577493631
0.0066032669053
0.0089995793852
0.0
0.0
0.00592004926863
0.00504275672557
0.00574936676564
0.0132379789281
0.0210637609699
0.0203821251421
0.0160387867797
0.0153003269445
0.0
0.0
0.00451493137687
0.0118765296985
0.0159805033584
0.00600587978116
0.0119416885489
0.0059686850431
0.00572624742834
0.00946322357881
0.0122701714585
0.00992434198096
0.00200805558325
0.000502360793232
0.00728301423509
0.0112423439974
0.0157938795596
0.0151026249935
0.0218286803027
0.0
0.0
0.0018798834015
0.00553827431343
0.0
0.0
0.0
0.00370176383207
0.00964949566358
0.0151108658685
0.0171309903832
0.0198889038484
0.0205291371955
0.0218642661034
0.00274935678105
0.00411360543479
0.00910108108602
0.0142627109229
0.021086591497
0.0264611037798
0.0292577534756
0.0327046194213
0.0355885847681
0.0257361276618
0.0226806899724
0.026258158263
0.0338610458208
0.0395594745469
0.0469334215828
0.0540818776806
0.059919258003
0.0671482222641
0.0734867979314
0.074920291267
0.0818912233833
0.0875198811161
0.0856569682208
0.0752628772961
0.0820268239379
0.0788741864847
0.0758222171835
0.0822867309766
0.0737270475362
0.080785843762
0.0786418362798
0.0525674329956
0.0565733613248
0.0566688746163
0.0618948792276
0.0272180722375
0.0341061053632
0.0319679731584
0.0306716340757
0.0288591208133
0.033037771659
0.0396838796177
0.0465314866423
0.0479100833584
0.0466054828052
0.0496279341089
0.0499106983275
0.0488741212794
0.0401460588288
0.0480106544853
0.0449562726943
0.0494519748392
0.0556715802055
0.0271667382858
0.0236816484886
0.0128194910883
0.0
0.0
0.0
0.00726886801942
0.00700460991216
0.0115588563155
0.0176923592671
0.0245560390822
0.0305987560327
0.0383932120881
0.0219697849154
0.0
0.0
0.00687814481259
0.0125608840695
0.0196569923578
0.0235100965592
0.0294763655311
0.0261153815923
0.0317814128774
0.0373474236059
0.0427568547164
0.0467852220306
0.0163009741044
0.0168878243619
0.0
0.00413438544725
0.0109865198115
0.0
0.0
0.0
0.00268922463265
0.00584164233744
0.0
0.0
0.00763259689405
0.015291707223
0.0027628455934
0.0
0.000917575179495
0.0
0.0
0.0
0.0
0.0
0.00723373332441
0.00362724315328
0.00492812746496
0.00715847370031
0.0146230197274
0.0
0.0
0.0
0.0
0.00124383454026
0.0088531929089
0.0
0.00587783300563
0.0119762920883
0.0
0.0
0.0
0.00512240006374
0.0
0.00631135248549
0.0111311535632
0.00281806044055
0.0
0.0
0.0
0.00783370463545
0.0113832011198
0.0161483797217
0.0109931333113
0.0147877398774
0.0219789538263
0.0251310827753
0.0258980466764
0.0184865656929
0.0159583749986
0.0215738387418
0.0267519273352
0.0198262506964
0.00870277593693
0.0
0.0
0.00158057101853
0.00560662267836
0.00353267539989
0.00684397889904
0.0121760015563
0.00442656182612
0.00509706024917
0.0
0.0
0.00540463717765
0.0106844627094
0.0151823859697
0.01291387979
0.0110049206415
0.0174378619215
0.0242874216201
0.0242990225797
0.0322857336117
0.0293891755596
0.0146339259862
0.0199516107424
0.0272389573263
0.0145608450856
0.00701647171168
0.0083843318888
0.0
0.0
0.00460767456512
0.0
0.0
0.0
0.00182461831219
0.00485437942212
0.00586896347251
0.0
0.0
0.00741363379475
0.0154120564295
0.0
0.0
0.00183907366228
0.0
0.0042902224427
0.0
0.0
0.0
0.00178952342172
0.0
0.0
0.0
0.0016357015177
0.0
0.0
0.00795962525064
0.0
0.000612848660244
0.000696998143374
0.00448581728419
0.0082672455381
0.0129298595231
0.0156679958673
0.0160049611354
0.0
0.0
0.0
0.00763433406488
0.00505755523013
0.0104959585103
0.0182617219252
0.023656793504
0.013751147056
0.0188022777746
0.0
0.00496655391611
0.0109281422198
0.0100957834479
0.00561653581324
0.00830629253416
0.013603205045
0.0
0.0
0.0
0.0
0.0
0.00681227761946
0.0107666142766
0.00428323861224
0.00956590357256
0.0145681449409
0.0225532277391
0.00306450349386
0.0
0.00453601270604
0.0
0.00420416111517
0.0
0.0
0.00561537905065
0.0042763142649
0.00104278011661
0.00597062792309
0.0002103974029
0.0
0.0
0.0
0.00116920044797
0.0
0.00744935238133
0.00185710948837
0.0
0.0
0.0
0.00604357356623
0.0
0.00242200341107
0.00775545195204
0.00249374828657
0.0
0.00563202792119
0.011089534522
0.0
0.0
0.0
0.0
0.00181772358644
0.0
0.0
0.0
0.0
0.00717571549196
0.00143089612642
0.00625050966149
0.0064057673291
0.00257863490177
0.010521917553
0.00890635398771
0.0
0.0
0.0046760581347
0.0116141366935
0.012743090033
0.0091900462891
0.0100566687572
0.0
0.006143829369
0.0065717623665
0.00198552624599
0.0
0.0
0.00478943358454
0.0
0.00201957206404
0.00714761713137
0.00853777514934
0.0115722246783
0.000584340266027
0.00383787612167
0.00536261105284
0.0
0.00148143311344
0.00210388646246
0.00959658178789
0.0135370933363
0.00810931832462
0.0
0.00430153481256
0.0
0.00439611045485
0.00938766196187
0.0
0.00529346730494
0.0130209195647
0.00264478244868
0.00597831092469
4.17644179649e-05
0.0
0.0
0.0
0.0
0.0
0.00687381965453
0.0147537426628
0.0194118174396
0.0252864931542
0.0317653780338
0.0373752934336
0.0371594633979
0.0442799492004
0.0522724545989
0.0581074457485
0.0650860329829
0.0462169240049
0.0516831660719
0.043614318941
0.0506464919933
0.0333006224691
0.0341574880854
0.0339686772201
0.0355143706832
0.0407526548236
0.0474569822607
0.0436543982468
0.0230497597475
0.020361672415
0.0181602658727
0.0148016329183
0.0216130340356
0.0238254444448
0.0
0.00330387274765
0.00229358753213
0.0
0.0
0.00133707084608
0.00267738322666
0.0
0.0
0.0
0.0
0.00369633784734
0.0113275027585
0.0
0.0072196079863
0.00272223320165
0.0
0.00611954224005
0.00905735990053
0.0101682179677
0.0134879088853
0.00615321779324
0.00863901006417
0.00065410942066
0.0
0.00735334115481
0.0152570696587
0.0198731240102
0.023301776637
0.0113672818312
0.00941942395799
0.00609375794752
0.0119026518605
0.0103347397493
0.00730712854736
0.0
0.0
0.0
0.00501824386875
0.011688700435
0.0
0.0
0.00345860993705
0.00922462459254
0.0143673396777
0.0136128098373
0.016463208311
0.0152162926798
0.0188978962911
0.0235229003888
0.0304523417652
0.0340451015289
0.0218413535595
0.0258452705007
0.030339880024
0.0381419466989
0.0406354573322
0.0473308172611
0.0528280675116
0.0428407775921
0.0356160661192
0.034305817946
0.0358838830985
0.0320566969687
0.0159650137716
0.0212979039923
0.0027269066073
0.00789096137349
0.0128110350468
0.0175027082456
0.00796925814828
0.0
0.0
0.00205591080544
0.00253780733019
0.0
0.0
0.00250205565375
0.0
0.00347833736596
0.0
0.00497121316642
0.00109498189685
0.0
0.0
0.00797198786074
0.00924446683442
0.0146555051115
0.0144563199719
0.0108414711206
0.00409094689446
0.0
0.0
0.000154859583644
0.0
0.00279682788674
