0
0.00505376610379
0.00360041388184
0.00743127100553
0.0078045375111
0.000243138581474
0.0
5.23179766977e-05
0.0
0.0
0.00695087925589
0.00795708310573
0.0
0.00495717385761
0.00388577454591
0.00886582107023
0.0115055629684
0.0143529574852
0.0180920024441
0.00563345951286
0.0
0.0
0.00651970818235
0.0
0.00782442978088
0.0124390640101
0.0200961476273
0.0265858947378
0.0298990024067
0.0339374624525
0.0235774879864
0.011190596243
0.0175886071051
0.0228785268136
0.0203645114283
0.012285696635
0.0
0.0
0.0
0.0
0.00701280026195
0.0148756133666
0.0
0.0070861949631
0.0
0.0
0.00562226264648
0.00539953490841
0.00954023393601
0.00932971041298
0.016701346452
0.0153272745564
0.0181088402713
0.0260327168064
0.0106155591452
0.00200835136806
0.00689151799092
0.0101743287841
0.0
0.00650260187701
0.00661552826615
0.00928505849285
0.0022407409936
0.000837551563995
4.07839209209e-05
0.0
0.00753714605668
0.00306106448352
0.0
0.0
0.00736642437396
0.0140154047325
0.0131361013582
0.0204594363501
0.0244610941415
0.028154822497
0.032097388526
0.0183943204105
0.0250728740881
0.0107928566183
0.0125067106034
0.0145693346489
0.00703924223504
0.0
0.0
0.00454158540358
0.0
0.00134469090712
0.0031184651842
0.000717988433486
0.00435016014709
0.0
0.00377323687883
0.0110888181037
0.00290325909926
0.0
0.00743110140038
0.00404835328972
0.00175124455881
0.00349451349132
0.0
0.00570783405324
0.00913997837105
0.0149181511231
0.00839630317969
0.012563201432
0.0182051128717
0.0181501991722
0.0179060673305
0.0154381289819
0.013143444129
0.0194345746186
0.0270739800338
0.0
0.0
0.00740611137281
0.00393926095603
0.00418570072366
0.00396937904071
0.00485792517665
0.0118000495443
0.0169210362258
0.0163397459486
0.0131434444854
0.0184148199741
0.0151824846708
0.00804327021872
0.0130441796807
0.0179482408342
0.0096843131501
0.0130512659012
0.0176146943467
0.0196435995778
0.0271349750289
0.00692537151965
0.0144932710201
0.0215665775508
0.0237494240148
0.0174819028697
0.01695695565
0.0157094448475
0.0
0.00473034771403
0.00377624538931
0.0
0.00637134821852
0.0139085935777
0.000875029272005
0.00791919880208
0.00708750158924
0.00646243248953
0.0
0.00448673172458
0.0119791921721
0.0124595382942
0.0203825352397
0.00642656188943
0.0
0.00586355068252
0.000990285770634
0.0
0.0041372977672
0.00620395068003
0.00124445763364
0.00266722772634
0.00998047358477
0.00645899358407
0.0103257306574
0.0163255598342
0.0227528366867
0.0288669488255
0.0
0.0
0.0
0.0
0.0
0.00186904891625
0.00159277988447
0.0
0.00462000136288
0.00825058780391
0.01038808635
0.0
0.0
0.0
0.00387914277414
0.0
0.00566696869921
0.0075749840015
0.00865957051089
0.0
0.0
0.00308839920748
0.00110511420516
0.00587413636566
0.00529156139407
0.00622452957666
0.00804676856025
0.0146770264414
0.0
0.0
0.0
0.0
0.00480615704406
0.0
0.0
0.0
0.0054122794154
0.0
0.0
0.0
0.00765227444244
0.0129108266697
0.0128272830371
0.0153512399675
0.0147703317105
0.0112021245768
0.0136292745374
0.0191062563002
0.0101323538885
0.0134643652862
0.0
0.00151500201926
0.0
0.0
0.0
0.0
0.000338977755873
0.00110378506756
0.00294742405114
0.0106609445979
0.0185488391878
0.00195893565436
0.00458788466552
0.0
0.000672773346074
0.000368323642776
0.0
0.0
0.00793443456345
0.0153468157696
0.0231177750575
0.0
0.0039748441179
0.0
0.0
0.0
0.00731805232526
0.0113531035334
0.00852917049885
0.011274282122
0.0169725158627
0.017436987934
0.0237482292031
0.0278184239753
0.035265125728
0.038147725444
0.0279632691001
0.0295032930901
0.037132658227
0.0362576933446
0.0356532239384
0.0311696367632
0.0378632032492
0.0424000325945
0.0417987165146
0.0465219440639
0.0538919966051
0.0540793580711
0.0479592681016
0.0500522578296
0.057549253797
0.0560761597221
0.0570638562128
0.0580794569641
0.0584291054917
0.0594029225264
0.0635642541034
0.042382885997
0.0300736884138
0.0220496690322
0.0294353735505
0.0329246949089
0.0153471002701
0.0118663025152
0.0122883368342
0.0168613770742
0.0160622302605
0.0191673027425
0.00103309269043
0.0
0.00045598733807
0.0080709786552
0.00745654166647
0.00329480842288
0.0107603390705
0.00681676857794
0.00133144707737
0.00227039331521
0.0
0.0
0.0
0.00261269407368
0.00484858710858
0.0114324047426
0.0166384394216
0.00869516439604
0.0129950773305
0.0106964796301
0.0
0.00196374866235
0.00804557920426
0.0159745916919
0.0236546957058
0.0313226253426
0.0182974303418
0.0192765417673
0.0209916174218
0.0183822174283
0.0245061692479
0.0118758747801
0.00745379661474
0.0070589586678
0.00467207898028
0.0074674872273
0.011569085079
0.0174811799636
0.0252161557543
0.0
0.00686633949466
0.0116086373363
0.0121710351324
0.0162509731857
0.0143671628681
0.00727093368221
0.00292687041811
0.00422217817079
0.00969888282703
0.0
0.00551807371297
0.0
0.0
0.00649312498781
0.0117929619325
0.00529317762431
0.00602576442063
0.012075587391
0.0158639008418
0.0233061750018
0.0190873065507
0.0179937164155
0.0251539559931
0.0257260149374
0.0238102826808
0.0180579642029
0.0133280892744
0.00684161590376
0.00819400189659
0.00603028431643
0.0126422070569
0.0156286911306
0.0113602555863
0.0172472087927
0.0130462810331
0.0
0.00145711986902
0.00183101948444
0.0
0.00691446640937
0.0146642111961
0.0151253489562
0.0218700201755
0.00827041654582
0.0150957924278
0.0101645448047
0.01554054249
0.0147545913067
0.0
0.0
0.0
0.00318108063618
0.0105863991277
0.0
0.00637296256159
0.00132104867187
0.00156222501302
0.00787014975743
0.0
0.0
0.00787306759254
0.00227799509716
0.00588793751406
0.0122348466782
0.0153694744845
0.0209791075576
0.0214725155707
0.0254437296804
0.00638113169662
0.0129405064018
0.0208195417591
0.0238042413424
0.0257869851257
0.0220672120115
0.0254901547308
0.0273471573347
0.0334058612329
0.0333524173245
0.0351318080988
0.0385185079001
0.0209903739854
0.0242129402117
0.0285828440797
0.0353806895979
0.0321214474385
0.0371833419719
0.0400844430669
0.0455620319115
0.0463071756766
0.0493946979394
0.0557340081288
0.0609470221114
0.0420542514878
0.049348332623
0.0444949468433
0.0425397067046
0.0444519248049
0.0307972733608
0.0348553654527
0.0202153604834
0.0213614788989
0.0236869920758
0.0124624204467
0.0126809931303
0.0171586406717
0.0198207505398
0.0173086040916
0.0181126664016
0.018932719098
0.0
0.0022771135413
0.00989873333869
0.0161389790106
0.00495323396775
0.00838457583951
0.0154013324382
0.0164605094062
0.020145840226
0.0191625940636
0.0177414831564
0.00750928757516
0.0121234297019
0.0158839310976
0.0
0.0
0.00270388468889
0.00683116075423
0.0
0.0
0.00557159565385
0.0
0.00368417629709
0.00810290646368
0.0
0.00168823608519
0.00944133817028
0.0159103781655
0.0219401222584
0.025526023219
0.0200069931297
0.0235394453809
0.00655432350907
0.0128960075216
0.0136909141795
0.0154313960465
0.0216536407986
0.0242102627168
0.0279109742169
0.032342835673
0.0390340209923
0.0370331150407
0.0246273330121
0.0177216974451
0.0131878743593
0.0
0.00242294584934
0.0
0.0
0.0
0.0
0.00488118953993
0.0110661149189
0.0141307592769
0.0179310335883
0.0240855584275
0.0216232112479
0.0229023352963
0.0289524507155
0.0249291639826
0.010762573569
0.0187504606736
0.013729956092
0.0173469097998
0.0233194403552
0.0303330458153
0.0356712854009
0.03187621814
0.0342514442735
0.0312020502645
0.0188748638802
0.0246896953466
0.016186783764
0.019513675282
0.0149000745679
0.0227298920279
0.0281452216486
0.0267385810282
0.0346245765026
0.034314770137
0.0350934937987
0.0424894621725
0.0386976013041
0.0339005921947
0.0403316342779
0.0281422912354
0.00306769759232
0.00808489034049
0.000302583648054
0.000532991074529
0.00479999512739
0.0
0.0
0.000591902607994
7.46857110725e-05
0.00507677124499
0.0112479742532
0.0132728716004
0.0165683607424
0.0181215305953
0.00923058025134
0.0147193097627
0.00300907963275
0.00649552925833
0.0128874313803
0.00848035674166
0.00479438738891
0.00323305104556
0.00142570748945
0.0
0.0030044738391
0.00309622921501
0.00997317226348
0.0160059690831
0.0187387958298
0.0246210562838
0.00547827737011
0.0
0.0
0.00665751397852
0.00958252075358
0.000773449610788
0.0077505980117
0.0083771350413
0.00705050258185
0.012880862316
0.0130797618375
0.00736963978792
0.0132342951701
0.00893503650958
0.0162786268284
0.00182340846898
0.00728936615736
0.00678271456972
0.00827846560613
0.0
0.00775980192408
0.00836257454077
0.0145691905213
0.0194897466819
0.0218615333047
0.02094224427
0.0164936758921
0.0221817718351
0.015176401751
0.0138924782192
0.0
0.00367913176964
0.00970566820623
0.0134047375691
0.0193841921608
0.0196064436068
0.0241248003176
0.0319013976843
0.0216429520556
0.0
0.0
0.0
0.0
0.0
0.0
0.00198716267097
0.00597462216286
0.00959157781671
0.0168717041007
0.023634458006
0.0293875323882
0.0355507808253
0.03839371238
0.0463895352316
0.0298560749076
0.0375255706851
0.039504794575
0.0374136150685
0.0379851735419
0.0456909533704
0.0312447745544
0.0332566192475
0.0382927296582
0.0210664953689
0.0273770029745
0.0351380606692
0.0375345076693
0.0395003997533
0.0474453096131
0.0167035299158
0.0104060213183
0.0155726985536
0.017927633368
0.0206888563734
0.0262600478182
0.0303130892617
0.0339803810611
0.0262735195969
0.00746984830398
0.00746842608826
0.00949962121122
0.0152999048389
0.0157407175948
0.0172183556847
0.0243523989239
0.0306670690328
0.0355824604483
0.0262754380094
0.0307837648005
0.0384204031135
0.0346796863671
0.0343441956937
0.0372240784715
0.035969743094
0.039686307366
0.0450915126612
0.0385653804817
0.0445932123391
0.0473608172694
0.0351834885373
0.0219388849935
0.0238147766518
0.0287787689678
0.0363123154986
0.0385643230779
0.0456377791946
0.0463670243754
0.034645655708
0.0234141212136
0.0213152607771
0.0269260887581
0.0334266272689
0.0265429460767
0.0114984294652
0.0175493437488
0.0219877793035
0.0281696229467
0.0150236130923
0.0178111464373
0.0232369649341
0.0225627005994
0.0197352264433
0.0191484369673
0.0256999852462
0.0307555777425
0.0379432057221
0.0429058253338
0.0493742524827
0.0548566917085
0.0384198979919
0.0386794896249
0.0324592454676
0.00241869468854
0.0101157157852
0.0152303756897
0.00884328248436
0.0153953584209
0.0154980154131
0.0
0.0
0.0
0.00471394134112
0.0
0.0
0.00504637109418
0.0
0.00521708169096
0.0
0.000813654930511
0.0
0.00416244571694
0.0059141495381
0.0102606950833
0.00797025962298
0.0129570804102
0.0160078611227
0.0236002200305
0.0141491811469
0.0
0.0
0.00112833563674
0.0
0.00598727415749
0.0
0.00263660543823
0.0
0.0
0.00790666272139
0.0
0.00787616801562
0.0
0.00336917601183
0.00635171900295
0.0102494504246
0.0138608669465
0.0136158772057
0.00892834073632
0.00837448566132
0.00904857678119
0.00742349055187
0.0147489350613
0.0155783836768
0.0089690562163
0.0147015800421
0.0
0.0023674535413
0.00847375294291
0.00994076059444
0.0127214312546
0.0102612439606
0.00332875922876
0.0
0.0
0.00502119991237
0.00510678194096
0.0
0.0
0.0
0.00759372545435
0.0111220764679
0.0102254177534
0.0145493561204
0.0136255786074
0.0204834944403
0.0266901177325
0.0
0.00361394761922
0.00104063516733
0.0
0.00402469911996
3.66379564882e-05
0.0
0.0
0.0
0.00770287371331
0.0
0.0
0.0
0.0
0.00583071547979
0.00919036398911
0.00866030742656
0.00766462552106
0.00447847504186
0.00540789265408
0.0
0.0
0.0
0.0
0.00344502770009
0.0
0.0
0.00524862718795
0.00805961344512
0.0131029107759
0.0196932245689
0.0
0.0
0.0
9.64366360003e-05
0.0
0.00740001278637
0.0149885955427
0.0
0.0
0.0067823161521
0.00107452405611
0.0
0.00413450968643
0.00965789342291
0.0
0.0
0.00600100742556
0.0139194080327
0.0164045725808
0.0231647315334
0.0257677820864
0.0213289675367
0.0265914767596
0.0228599186674
0.00708579417623
0.0122919192684
0.0183965588283
0.0147377755411
0.0218705358242
0.0243839631036
0.0289192337747
0.0358228885106
0.0431337830916
0.0490597895351
0.0529512970724
0.0588000562
0.0646002567137
0.0708891005784
0.0754398596617
0.0728056849162
0.0726943180712
0.0769260352507
0.0775507255832
0.081833685032
0.074994688551
0.066459835626
0.0457171247626
0.0500033173047
0.0566379830414
0.0540942480767
0.0400105832902
0.0330040881536
0.0364398471113
0.044046751922
0.0409019547265
0.0474156078596
0.04041567321
0.0459253658699
0.0521469797635
0.0586610659534
0.0559988796825
0.0610849056484
0.0573363398302
0.0406689466199
0.039415144403
0.0216263829165
0.0
0.00267238677337
0.00637436465983
0.0
0.00779090694645
0.0
0.0
0.00715432331753
0.00400436910501
0.00947452444246
0.00513134337458
0.012095888286
0.00763317571918
0.0
0.0
0.0
0.00398975565142
0.00746849921951
0.0103841024075
0.0
0.0
0.0
0.00337324431312
0.0
0.000193825183729
0.0
0.00598878723933
0.00710841624208
0.00873526876376
0.0110873939253
0.0
0.0
0.00244054784188
0.0
0.0
0.00357001975112
0.0
0.0
0.00627197977671
0.0
0.0
0.0
0.0
0.00584570133555
0.0116540028938
0.0181031478611
0.017784195464
0.0233388438132
0.0161981373757
0.0231338861865
0.027481572617
0.0293216381136
0.0149871867532
0.0189279180966
0.0266310496106
0.0336526100724
0.0395572496019
0.032816192161
0.0392884507128
0.0379534098013
0.0356226591864
0.0410262795829
0.0428203305369
0.00430186388813
0.00302941283242
0.0
0.00709728802916
0.000794135750892
0.00295277542557
0.00631746262396
0.0
0.0
0.00574180450901
0.0
0.00532802480224
0.00338272638894
0.00801483160664
0.0122539405768
0.0
0.0
0.0
0.0
0.00214469458849
0.0
0.00123890718054
0.00533015571172
0.012019726267
0.0
0.0
0.00257705212326
0.0105632476577
0.00466882827291
0.0
0.00190554141156
0.0
0.0
0.0050467706651
0.00412624853068
0.0102831436846
0.00480745967121
0.0094607531648
0.0170312824039
0.0
0.00271444006595
0.0
0.0
0.00780792162928
0.00792683847826
0.0110842630562
0.0177450876736
0.0197586943849
0.0253586596528
0.0328517497426
0.0352182720747
0.0246019484242
0.0303094518626
0.0245399620171
0.0113387542339
0.017184716969
0.0241101998267
0.0257279762098
0.00574321499078
0.0131017098865
0.00697982188502
0.0
0.00428204362291
0.0108875757814
0.0
0.00513141326987
0.00695868267431
0.00615568426711
0.0120602050122
0.0121162392672
0.0131428659985
0.0196113407239
0.0268182495436
0.0305817294787
0.0223591892688
0.0057276257687
0.0
0.00498538309566
0.0
0.000229194961751
0.00540692064458
0.00688262312982
0.010088594107
0.0136034615893
0.0195649830974
0.0267491518618
0.0326381217807
0.0366145772373
0.0376950129603
0.0428797533244
0.0402099520665
0.0334577760346
0.0317479846769
0.0275114564608
0.0340835057052
