0
0.0067645658888
0.0143782316319
0.0203008538154
0.0278527366165
0.00863305308329
0.00474805544606
0.00686928385365
0.0113235670666
0.0179564196259
0.0200212436944
0.0148231868859
0.0213990862528
0.0293007866212
0.0355626456436
0.0421194704567
0.0446425475203
0.0411374123182
0.0479166657579
0.0468770576236
0.0503484862515
0.0464328266983
0.047289407757
0.0432201011409
0.0419255803403
0.0267687999026
0.0301415210085
0.0153603941311
0.0213741414444
0.0265656797152
0.0329626475318
0.0175503597587
0.0231012938014
0.0299018655467
0.0191359767585
0.0242929476445
0.0266550440182
0.03115160041
0.0374372039763
0.0186039140872
0.0261024959089
0.0229061922545
0.0
0.00255777352523
0.0100761237586
0.0095462309993
0.0147064262695
0.0
9.81025177924e-05
0.000715513798572
0.0
0.00173113880941
0.0
0.00170271263178
0.00879599704887
0.0130922416254
0.00548818649939
0.00758089040723
0.00995568746189
0.0157242795716
0.0196770401613
0.0254323585688
0.0220838464504
0.0247098373741
0.0257652562478
0.0273576746871
0.0303806988334
0.0357420271825
0.0427186877798
0.0490445399835
0.0481853463473
0.0553394526593
0.0448224720346
0.0446344540164
0.051234260396
0.0534527648506
0.0528628968725
0.0592130700859
0.0655285306078
0.0126083686197
0.00644661979023
0.00159944234335
0.0
0.000415701630398
0.00639572208301
0.0123295720137
0.0180088038928
0.0102428229984
0.0122938558855
0.0149432200546
0.0210888663218
0.0286663885918
0.029589118816
0.0353480547555
0.0362661457814
0.0354107551298
0.0425333643027
0.0416841287206
0.0349695502761
0.0352779801457
0.0312379602782
0.038303984183
0.0270761601645
0.0336454824045
0.0317359146546
0.019376789775
0.024854179597
0.0236564318088
0.0284709608004
0.0349971218791
0.0426648921092
0.0340072438028
0.0319391510463
0.0332138269265
0.0300069099957
0.0251403478878
0.0290370353539
0.0167908336409
0.0245507295119
0.031802805997
0.0314239330893
0.0
0.0031536851875
0.000545277026574
0.0
0.0
0.00544007524856
0.0103183443031
0.0142590357128
0.0166002115886
0.0115342136509
0.0181092362061
0.0241888828468
0.0262213771703
0.0197896021814
0.0205575526638
0.0220478296546
0.0242024287989
0.0295650370082
0.0324162132187
0.0214800374628
0.00728054605324
0.00890253278069
0.0169006277021
0.02442185344
0.0314552620228
0.0274599143665
0.0118569051079
0.0128999494571
0.0198702271749
0.0186005373568
0.0264497114391
0.0225619598299
0.0293740097069
0.0255877684799
0.0208659413464
0.0253737905205
0.0219617606274
0.0251193926695
0.0171660836295
0.0215571300062
0.0277014881442
0.0301189835116
0.037322329868
0.0262685326017
0.0342438490616
0.0402519273151
0.0448782594089
0.0436469554627
0.0430236649057
0.0480081691521
0.0287496973216
0.0366237327402
0.0413975367688
0.0476257857913
0.0345076704721
0.0205195599249
0.0
0.0
0.0
0.0
0.0079500186357
0.0
0.00707838087159
0.00731605741132
0.0
0.00134647949169
0.00817089124419
0.0147466591819
0.0192992287881
0.0207929081303
0.0
0.0
0.0
0.00703371330862
0.010927506649
0.0094601218857
0.0133581164864
0.0112659462253
0.0149215522035
0.0183362828339
0.0234703198362
0.0158430481349
0.0222829840771
0.0139712359152
0.0170733471158
0.0222622056643
0.0246228770702
0.0310079778372
0.0298575335009
0.0338419192978
0.0350590717141
0.0428170757523
0.0486371665266
0.05047479465
0.0493615034652
0.0547786189335
0.0602385735229
0.0567560532305
0.0568064784491
0.0585172129573
0.0598634887051
0.0668340000676
0.0742582792568
0.0762284244127
0.0836283934156
0.089576611591
0.0972537055003
0.103501283899
0.109661995002
0.109843265094
0.0758182877409
0.077698809901
0.0738646275525
0.0753765616561
0.0736083915631
0.0770541688679
0.0756174501888
0.0686615734495
0.0761985826032
0.0803459754916
0.0806579829335
0.0791006298013
0.0844820551373
0.0705983453653
0.0709508551911
0.0776249314372
0.0767109379261
0.074965106498
0.0802870781149
0.0827903420024
0.0867658394087
0.08931989999
0.0880797481501
0.0870959142371
0.0919011400483
0.0810030594014
0.0855486604005
0.0934273666277
0.101402095722
0.105276009361
0.111011192973
0.116642799439
0.122302066124
0.1283714823
0.134677716788
0.123953698185
0.130987307448
0.116363886507
0.0963957662067
0.095609410333
0.0950818688388
0.0952774039702
0.0973796383317
0.0998710944224
0.0955841319534
0.0910744370067
0.0869159867862
0.0794035887181
0.0680597866254
0.0335644532036
0.0407295028202
0.0245052356595
0.0294017286682
0.0201853202952
0.00786517225331
0.0
0.00465830987159
0.0
0.0
0.00738960779062
0.0
0.00282312481156
0.00618651616594
0.00716374175621
0.0
0.00572899938228
0.006762709592
0.00946504811743
0.0149105226235
0.0218146934605
0.0242765703243
0.0257125404644
0.033065341212
0.0398622412071
0.0344141834294
0.0408875018313
0.0460039312106
0.0502408033465
0.0555098055322
0.0561986741091
0.0573526934178
0.063588868614
0.0116644017262
0.0196400476493
0.0187021305816
0.0188050430238
0.0260542531678
0.0320734601197
0.0396729757128
0.0295603976258
0.030464144064
0.020116666576
0.0163364107299
0.0236283208206
0.0256438238787
0.0331339500617
0.0379787264508
0.0378587819283
0.0453362195233
0.0492760296414
0.0213555848099
0.0182935142196
0.0238936103881
0.0256949865943
0.0142744204755
0.00949133767026
0.00907974768416
0.0112033390627
0.0120253078167
0.00612788274846
0.0
0.00620311534876
0.0131368836976
0.017633687133
0.02358282541
0.0209213498999
0.025447788793
0.0330013186141
0.0398919060364
0.0427650207871
0.0248970413916
0.0292468787616
0.0359241044664
0.0334931515269
0.0374816950937
0.0256940182395
0.027604672565
0.0322006180309
0.0371925468788
0.0379532042616
0.0180243532011
0.00655116064333
0.00663467161757
0.00909797516958
0.0157426760456
0.0196147670707
0.0240519283783
0.0291046991585
0.0256089156902
0.0298680674464
0.0189168962145
0.0119275182496
0.012473847432
0.0
0.0
0.00206262245329
0.00336207148159
0.0
0.000342847453069
0.00717590411128
0.0110495754531
0.0184312047841
0.0
0.00648595878969
0.00967987632567
0.0120894165072
0.0191488734071
0.0185429192915
0.0242823082517
0.0243905082648
0.025449981799
0.021887359864
0.00684513188286
0.0
0.00149549731348
0.00852258945393
0.0117772763201
0.0111624832954
0.0128657105253
0.0005416797327
0.0
0.00742546196011
0.0145842626954
0.0219775956029
0.00955226102998
0.011171991424
0.0158148320028
0.00160821059842
0.0068944514026
0.0
0.00400553752139
0.00851634760929
0.0
0.00437446550827
0.0118268270558
0.00432106107294
0.0120996348174
0.0173215047586
0.0130851648805
0.0197525392146
0.0248967129436
0.0042261116028
0.00256455449999
0.0
0.00301468889451
0.0
0.0
0.00776422904266
0.0
0.0
0.00736939911529
0.0
0.00699532246641
0.0143641109811
0.00677532550079
0.00803101426499
0.0103165818885
0.0108152908953
0.00123804164318
0.0
0.0055824311511
0.00175472303233
0.00889793506038
0.0162748860841
0.0223737457552
0.0290641976541
0.0354460620672
0.0418419779724
0.0469917832371
0.0548988096675
0.0497930307744
0.0472192524888
0.0546625152371
0.0604017664383
0.0642930084583
0.0561315040383
0.0635042943603
0.0625750562905
0.0687995012085
0.0478883329876
0.0524735597558
0.0596087396382
0.0537035792571
0.0559527669945
0.0632882858669
0.0662402405085
0.0666952906027
0.0710034026126
0.0713322373049
0.076171138409
0.0771968015362
0.0750765379879
0.071754647742
0.0711872162452
0.0744415164239
0.0585038266249
0.0545564177411
0.0566701981234
0.059923766508
0.0479651103184
0.0404639647789
0.0411746505872
0.0404911837999
0.0438483563036
0.0474453959901
0.0461717090472
0.028492663236
0.0306874328974
0.0335363832762
0.0327502625022
0.0247052623285
0.029965713812
0.035935216867
0.0147922710068
0.0166096344816
0.0197940700905
0.0219493789047
0.0220866122466
0.0295214597227
0.0305195123795
0.0355269626087
0.0432654707235
0.0312155911903
0.0359558729155
0.0255664485517
0.0249558576261
0.0299256523046
0.0346462023066
0.0286819786374
0.0194261506001
0.0246018666269
0.0298454525847
0.0353955235799
0.0363545478064
0.0432513812049
0.0507870558977
0.0459809068764
0.0313814026673
0.0388925241277
0.0291394041956
0.0288447462019
0.0344455355962
0.0256794275246
0.0252904437568
0.0330427842318
0.0382035661276
0.0389231733617
0.032911603403
0.038356722743
0.0429941061793
0.0317030176616
0.0295688618174
0.0371516795465
0.0421739084591
0.0494408856786
0.0560989964159
0.0599125755073
0.0553884342406
0.0404797579946
0.0438449447059
0.0495317345587
0.0572485973855
0.0533236701528
0.054962891004
0.0626779316515
0.0619660137691
0.0632573989078
0.0711213634276
0.0653533084074
0.063424741452
0.0712185307394
0.0397250725539
0.0460679813604
0.0363688159742
0.0348063030441
0.0317100182168
0.0364404276888
0.041252817994
0.0264006052537
0.0152068664827
0.0191540074477
0.0228250842795
0.0180554562874
0.014567410781
0.00500972071867
0.0
0.00584336089165
0.0128139235467
0.0125934108876
0.0203124999997
0.00842606116735
0.0124269532378
0.0132397333826
0.0173804083847
0.000661035382091
0.0
0.0
0.000847929144839
0.0084604443196
0.00560961406326
0.0125323934299
0.00470730990286
0.0
0.000638412925165
0.00782802253831
0.0042029158522
0.0
0.000187768864597
0.00279807104744
0.0105228381395
0.0155480460645
0.0179007875419
0.0241028285972
0.0300634257506
0.0124319649654
0.0
0.00553995204941
0.0
0.00199434959599
0.00426945224281
0.0
0.00433698732393
0.00832794234809
0.0102972871772
0.0150174647732
0.0200987629144
0.0259848854095
0.028343740717
0.0149889709599
0.0190772494185
0.0270538887593
0.0274905607284
0.0195518740376
0.0197809361849
0.0230663255584
0.0252940464356
0.00542594100505
0.0112027228946
0.016706388014
0.0206751922777
0.0167771514025
0.0216541936737
0.0290718155475
0.0368867445913
0.0366890895819
0.0408103088882
0.0317895766117
0.0286001487349
0.0292258871334
0.0364366285451
0.036366429792
0.0433403395391
0.0485174569127
0.0497198460961
0.0220353183369
0.0300096936929
0.0315182637724
0.0350917754709
0.0383118560432
0.0430118513437
0.045738546807
0.0264211220765
0.0325070062317
0.0395864741928
0.0418398631753
0.0421671519163
0.0484056303822
0.0507961050124
0.0554384441779
0.0632757995183
0.0685812850283
0.0737137152684
0.050328919045
0.0501881557015
0.0567121077482
0.0366071726115
0.0296854080211
0.0337151058365
0.0242875007927
0.0286011267847
0.0352499804677
0.0268910808343
0.0302032050232
0.014243676869
0.0166099043538
0.0243476232147
0.0247747704261
0.022869518974
0.00823294544001
0.0128986797739
0.020799177568
0.0231055443435
0.0142698390507
0.019652859369
0.0194104438221
0.0236732765921
0.0226195657937
0.0302717761026
0.0327823207579
0.0390292831244
0.00806654322772
0.0129493292542
0.0
0.000245761138166
0.00266886434239
0.00217887555066
0.00207370634075
0.0042973458251
0.00172667083832
0.00575139522759
0.0120562327136
0.0141042388317
0.0162958847828
0.0159255320555
0.0217380205827
0.0281242502215
0.0159721861352
0.0145617383879
0.0178973851386
0.0171018287664
0.0101094474048
0.00731315292369
0.0118753023425
0.0100534046745
0.0178117844935
0.0
0.00208663341461
0.00733640371108
0.00936447230302
0.00714162575119
0.00935739929279
0.00688467532893
0.010749820826
0.0185649504115
0.0208921187188
0.0234370494484
0.015668544266
0.0106259008834
0.0073899671061
0.0127402010325
0.00933584382537
0.0152454808327
0.0220259251834
0.0086707684447
0.0
0.0
0.00659024116055
0.00330164290987
0.0
0.0
0.0
0.0
0.00694620204061
0.00988615017213
0.00591542569822
0.0
0.00169486593203
0.0
0.00710337830975
0.0114420261852
0.00660978406034
0.0046734443515
0.00709991793883
0.00562501931988
0.0
0.00575868607943
0.0112204056252
0.0
0.0
0.00505803028738
0.00895003981284
0.0155013511894
0.0152778468074
0.00756302311175
0.00786373021147
0.0143377917388
0.0144458231651
0.0185483505452
0.0144614757676
0.0215376466858
0.0167106531519
0.0178246356504
0.022885248746
0.0222108866541
0.00686858623901
0.00915541442261
0.00971063328564
0.0174528250074
0.0213048721205
0.00897890428288
0.00241719928535
0.00698967864506
0.0098103943046
0.0168730224362
0.0184399735072
0.0
0.00771787420684
0.00121931867182
0.00805803572987
0.0154049002466
0.0203677870164
0.0268659074444
0.022168976828
0.0278355978965
0.027549678775
0.0292853463483
0.0350300309546
0.0367094403588
0.0437061314653
0.035257888987
0.0231547341594
0.0218368653924
0.0232925242394
0.0204310140103
0.0269610402643
0.0313524097826
0.0373229326733
0.0420478159599
0.0321163343215
0.0261332355115
0.0178217913101
0.0126616570033
0.0185357157105
0.0242790075267
0.0110101865664
0.00707090680493
0.0132986651104
0.0189934387834
0.0268447671785
0.0219462671287
0.0297281327937
0.0316473593322
0.0340164003581
0.0326167324604
0.0375621983248
0.0443885746223
0.039599187232
0.0431040432101
0.0395830904572
0.0462723581222
0.0519098911465
0.0443828466054
0.0405606392356
0.0401117024538
0.0433166422407
0.0491249490783
0.0495980464276
0.0244170424953
0.0293030364926
0.0251030915159
0.0129556836234
0.0189666770096
0.0169324012813
0.013120754939
0.014231907903
0.00863423140642
0.0144961262689
0.0129383562761
0.00608682361037
0.0
0.0
0.00144875325415
0.0091466295559
0.0167949975351
0.0108567322546
0.0160673434724
0.0159743585469
0.0159167012641
0.0144761621611
0.0222883858346
0.0222777899791
0.00974790274486
0.0114645476507
0.0182076873137
0.0256507828675
0.0280996674014
0.0169206609804
0.0
0.0
0.00770272818634
0.0119086628816
0.0191403750086
0.0148334023123
0.0112830346337
0.016422516882
0.023560000501
0.0192782196038
0.023184890066
0.0153387140204
0.0150166074959
0.0101323179343
0.0144088494484
0.0165856451513
0.00711474904765
0.0
0.0
0.00522870456282
0.0
0.00679776604842
0.0147776900192
0.015765826922
0.0141732477601
0.0
0.00694137577011
0.0121807665267
0.0191294628531
0.00555771503523
0.0
0.00221652735065
0.00209053143963
0.00289940885986
0.0
0.0
0.0
0.0
0.00724121476399
0.0143189143327
0.00836262217856
0.0150901102056
0.0212139825338
0.027825645084
0.0
0.0
0.00771025216052
0.00509225440216
0.0
0.0071725476148
0.00845507660807
0.00541938047014
0.0
0.00548681433389
0.0
0.00736768858782
0.00306598533929
0.0106343839535
0.00762220319245
0.00869369164567
0.0
0.00500765763515
0.0103852053197
0.0177826467609
0.0172046727335
0.00937809043422
0.0163679819163
0.0210131801426
0.015602382189
0.0130089129644
0.0189313515133
0.0154931831826
0.0193535839744
0.0199737928
0.0207298043235
0.0
0.0063635307745
0.0
0.0
0.0
0.00639542920402
0.00728848003519
0.0146497366903
0.0141999497567
0.00937850531937
0.0102075747228
0.00863638734947
0.00719783913039
0.010748209607
0.00870899384329
0.0080714130986
0.00945283759831
0.0157168686337
0.00966314259259
0.0085096556943
0.0133301895185
0.0
0.000959945485716
0.00860772001666
0.0
0.0
0.0
0.0
0.0
0.00758087856545
0.010948440384
0.00316677140167
0.0109074141416
0.0132557570304
0.0155136335136
0.0123262817548
0.00951171446635
0.0132944685481
0.0110654438027
0.0175493819018
0.0254745476778
0.0281528516353
0.0291086729277
0.0366555458726
0.0398461140794
0.0467246738948
0.0530243601253
0.0468592059315
0.0545993567268
0.0609727603329
0.0630408721391
0.0631973379384
0.0654583953396
0.0644974259375
0.0715953393591
0.0792801178025
0.0868577918947
0.0935092921252
0.0856003878835
0.082465902863
0.089094107615
0.0970102907636
0.0976676463837
0.0819589982116
0.0515211383875
0.0441144033082
0.0252116286838
0.0306541561192
0.0326552821529
0.0368082363733
0.0366236746456
0.0229094762426
0.0154650209102
0.0158779681616
0.0232997865487
0.0264258235251
0.00395799093666
0.00474057046923
0.0054166967001
0.00553106916453
0.00144394090199
0.0
0.0
0.0
0.0
0.00253494651126
0.0
0.00643618999569
0.0133129256279
0.0201773361995
0.0198768400918
0.0269665130348
0.0282621450152
0.0241795598723
0.025376024533
0.0252035860075
0.0300010656854
0.0355675430505
0.0425480583402
0.0480889850397
0.0281059313385
0.029745792371
0.0199086708538
0.0153702845161
0.0233204778426
0.0197122039789
0.0223832943333
0.0273485678939
0.0249398235474
0.0247574807904
0.0267450728572
0.0330962300577
0.0369414299774
0.0151997186961
0.0139083639179
0.0
0.0
0.00105056081748
0.000725693586995
0.00294196200346
0.00257548996698
0.0105248212462
0.00510339128767
0.00152758571586
0.00816505256649
0.00635921107349
0.00873719046683
0.00579610782219
0.0117329161675
0.0184825314103
0.0100902100494
0.0
0.0
0.00640877010093
0.00148211011709
0.0
0.00538827344202
0.00869732188995
0.0145342407504
0.00272006344602
0.00925174664358
0.0165439106446
0.0233602922408
0.0276981723523
0.0
0.00336663024384
7.34552029336e-05
0.0080266735041
0.0104946949656
0.00305949755944
0.00180843130247
0.00670341287487
0.00672206943871
0.00550275003339
0.00150963837658
0.00316053245478
0.0105155560939
0.00920090169099
0.0
0.00798290475833
0.0
0.00268078728365
0.0
0.00057737723602
0.0
0.00190358797265
0.0
0.00707744785922
0.0
0.00749146122461
0.0149168317474
0.00893119671839
0.0101090671727
0.0
0.00697659302208
0.0131420794022
0.0173152520553
0.0151755489535
0.0
0.00288363517184
0.00703423502372
0.0134134540237
0.0208583316966
0.00951458996098
0.00144469118739
0.00870926737092
0.00940759976456
0.0131539494957
0.00399380385539
0.00978856347189
0.0133646984175
0.011499802272
0.00855405798361
0.00448448209054
0.0
0.00370133866567
0.00974437572248
0.0
