0
0.00762833604246
0.0137644948595
0.020371090078
0.027871383344
0.0292645460871
0.0332160001633
0.0400990798767
0.0440102800142
0.0499639655001
0.0483359430852
0.033176401923
0.0359744335114
0.0339205460552
0.0323428399386
0.0392264057426
0.0455700223336
0.0410840928275
0.0469480683659
0.0511846874231
0.0556874998461
0.056572878699
0.0451627767359
0.0388092053686
0.0294615435624
0.0291599789944
0.0339041783585
0.0359982082941
0.0421914406712
0.0465130806369
0.0501671805214
0.0557418762825
0.0456132206192
0.0416613199298
0.0329531080442
0.0381167336034
0.0287713683728
0.0210508034224
0.0147379441161
0.022266340482
0.0260896783582
0.031613323017
0.0246044635877
0.0174098502519
0.0240541485446
0.0223864735934
0.0258692431718
0.0307791032887
0.0340592983909
0.0417381630176
0.014894927407
0.0204790698247
0.0262285685671
0.0299241319168
0.0305551628146
0.0301696093999
0.0254871662919
0.0293839116225
0.0236417954845
0.0225179318739
0.0140375599955
0.0
0.00537705592715
0.0130411759788
0.00885530251574
0.0163574901711
0.0236072105971
0.0284437839661
0.0359890694122
0.0355653845097
0.0284699122408
0.0310582980106
0.0263018019606
0.0171247528959
0.0221126999614
0.02249948457
0.0195853703863
0.0
0.0
0.0
0.0
0.00317025526614
0.00124670633599
0.0
0.0
0.00240014771949
0.00592629167466
0.0129141310973
0.0151604130855
0.0221990035061
0.0255470277335
0.0309671597413
0.0374129552403
0.0449991829166
0.0496668729297
0.0570760868225
0.0522137748019
0.0551250855472
0.0617739896059
0.0492655214892
0.0481944640731
0.0454593113828
0.0401767209354
0.0480736906144
0.0558715187564
0.061974968371
0.0685265125722
0.0727671628189
0.0578938524989
0.0631082658212
0.061981102238
0.0569431422602
0.0575717384466
0.0475357571508
0.0527519213491
0.0554205895998
0.0426857585419
0.0272903121678
0.0173233346005
0.0236030523811
0.0307114347409
0.0385847753627
0.0339097006999
0.0399632074537
0.0322241656427
0.0380949971779
0.0401857830384
0.0469586199404
0.0410372709051
0.0468865403784
0.0498310746568
0.0576749330398
0.0525183328682
0.0579862469179
0.055400953289
0.0326184374275
0.0314387731721
0.0346408727413
0.039385106642
0.0423660506223
0.0495560031418
0.0560175725217
0.0575186061366
0.0639831862338
0.0694845073157
0.0627613594249
0.0632039265308
0.0662017599974
0.0683343228617
0.0715631968215
0.0780079091082
0.0857960052177
0.0914744271872
0.0983471869746
0.103909725782
0.104608313432
0.095337418244
0.0580932649746
0.0605298622764
0.0521924288179
0.0593306535024
0.0618945058792
0.0572235348073
0.0582474023119
0.0642923711493
0.0695728892151
0.0768691757388
0.0832535769306
0.0900367634595
0.0828801950575
0.0863006930195
0.0917325069927
0.0800936354957
0.0816742641078
0.0878975618315
0.0915283023979
0.0915358981219
0.0981419124145
0.101543737414
0.105528651863
0.103222768438
0.110988472785
0.118265910133
0.0997050789497
0.105867431188
0.111116223308
0.101857535665
0.096768946721
0.0978095471542
0.0976863747135
0.101658814246
0.108628931786
0.111270971648
0.104261370733
0.108769095877
0.113282885656
0.118644864278
0.107740908132
0.113126397617
0.115166169933
0.1189906673
0.109072646898
0.113640325582
0.111554807679
0.117447199812
0.122119036328
0.127687356848
0.13195062087
0.135822378471
0.138851160082
0.142193211159
0.146996388454
0.148669489877
0.14693755058
0.153898138128
0.153663080375
0.140351214211
0.146870118108
0.145825145053
0.13597555474
0.137641221287
0.142638138806
0.141147173689
0.134781961642
0.142064455285
0.133355571158
0.134894150099
0.140111429352
0.146360715689
0.154119193923
0.155604894825
0.162739860795
0.165521092202
0.170797330868
0.176982560075
0.182846293563
0.188892806321
0.196811576004
0.197243798882
0.203496675041
0.205909362565
0.184979823765
0.182414314727
0.184248456791
0.185858357036
0.192418992692
0.19763817485
0.202848510732
0.204626126224
0.204043361306
0.210950512713
0.216188030674
0.217391046311
0.219073965238
0.214923418824
0.220186679599
0.218728736977
0.214503428121
0.212378789903
0.215195694687
0.222680689228
0.225142399129
0.229145414374
0.23206140362
0.23309107067
0.235635069296
0.236010906947
0.236342893654
0.218267123408
0.220403122764
0.21725412066
0.221341106875
0.225220327173
0.210725538909
0.202445464415
0.205270931682
0.202648518065
0.206593926111
0.21256731317
0.20712915256
0.211478115418
0.217750863421
0.22100254485
0.215922016615
0.219428561812
0.226744550963
0.233311522249
0.23181361676
0.228689867346
0.235859547312
0.237327917033
0.241567509765
0.248390989074
0.256083974934
0.255021243553
0.258067253517
0.265595827539
0.258193717082
0.259034197308
0.264667127214
0.255653255817
0.238837725529
0.244628078676
0.250756330138
0.238133633976
0.23136100664
0.224509417653
0.219106830568
0.220249181475
0.226708136214
0.215739354584
0.220641231417
0.215887333518
0.220133388233
0.203095301925
0.210766980366
0.2064961139
0.212060238774
0.21981098056
0.213735207486
0.219832847796
0.219876008172
0.218250775206
0.218155686037
0.224158503436
0.228281630441
0.221872867415
0.223255070329
0.229747170327
0.230000646939
0.222106510158
0.221771441622
0.222257074276
0.207467430888
0.193876940388
0.198345763532
0.201372141991
0.201788518313
0.20709576591
0.211490782547
0.213811941494
0.219685625342
0.195944360527
0.191140596461
0.189781570417
0.194676013599
0.191935990848
0.195997879326
0.197737113491
0.201997000407
0.199004716965
0.203738031272
0.203232404228
0.208029598376
0.204433534206
0.208046752508
0.212816306515
0.217372243545
0.213907286831
0.197060095243
0.204470388022
0.197065083605
0.193566368331
0.197627903481
0.205074373224
0.21215592613
0.20935060823
0.209397673266
0.215385631674
0.22291528053
0.199038000813
0.203263149273
0.200139480593
0.206732915633
0.211423205754
0.209842059154
0.217791937203
0.222027261659
0.229064262301
0.226090695518
0.230097281433
0.228384235499
0.233260496503
0.235213452062
0.238562761134
0.245448263369
0.236231680921
0.243025646068
0.247214803965
0.230245642224
0.225307823858
0.233151607409
0.222264388677
0.227671810306
0.224986713915
0.221081025409
0.228820654337
0.214179636377
0.221693077419
0.226705515298
0.23388603225
0.240359434734
0.239868457868
0.20707949424
0.204241678446
0.209634219335
0.217227704103
0.217404376197
0.220773226527
0.226642604022
0.229400284425
0.227950341124
0.221565322838
0.200192350379
0.204319009761
0.202140606431
0.194895236195
0.195647875313
0.192043968809
0.188247584346
0.195433955782
0.195576662545
0.203358022775
0.193902925002
0.175183793829
0.16856610903
0.153379732469
0.158149364619
0.164915760393
0.169362664262
0.165378702011
0.166999457978
0.16297346743
0.157587914968
0.159033172134
0.154387629501
0.157947137062
0.158440265053
0.14470935223
0.152365513645
0.149006895636
0.156632980857
0.160680409926
0.138695251331
0.129973074181
0.137143929904
0.138345871687
0.145521586469
0.139162549626
0.133960089234
0.138917102005
0.142929136426
0.15005527685
0.157525676643
0.151552499956
0.158482989935
0.155575355928
0.163271976289
0.165264403971
0.165394891501
0.162630721316
0.167085606282
0.170937681417
0.1774317007
0.182623186485
0.189587744053
0.197575787897
0.201857531207
0.209375364917
0.211623734076
0.215323387052
0.218617635644
0.224935858813
0.222656327688
0.217604722017
0.209573858182
0.214079018907
0.214475788691
0.200368344592
0.20529601194
0.210152551354
0.216884146238
0.218123529645
0.225827448935
0.231160251782
0.220256338535
0.209115548927
0.214855579997
0.221715365466
0.228064023775
0.235230855337
0.242628630035
0.23754937669
0.237268466834
0.220647314039
0.220950318809
0.208777111393
0.210235480254
0.215319577277
0.209846548258
0.210795604709
0.207151937332
0.21377882606
0.217922351064
0.224160746159
0.227622072594
0.225900956511
0.233188636781
0.235720953003
0.238976111436
0.235364881236
0.240036484213
0.239972731021
0.246458717805
0.253173137313
0.255995901258
0.263070589066
0.254831897077
0.254985008102
0.259461065
0.264241787096
0.252565435712
0.258874220115
0.260663185019
0.268602105655
0.248038701343
0.241443276173
0.239315621224
0.244467901384
0.244928860435
0.22181025142
0.225537216056
0.232150858612
0.238484836869
0.237477990129
0.239316647938
0.245536284395
0.245032814953
0.245247417805
0.252328198983
0.258147294963
0.264032051526
0.254303767947
0.257721189344
0.264540635804
0.258828047046
0.260339748361
0.252201289888
0.254401375981
0.253434512441
0.259898906597
0.233129038461
0.224599115282
0.231772738652
0.230582880496
0.23632417974
0.241311111895
0.24899674051
0.253036264764
0.258945255829
0.250211818164
0.240546953907
0.242340727271
0.250082783088
0.252807511911
0.251521729639
0.259319602757
0.262339813074
0.263530088462
0.262809930065
0.251538721657
0.245924235875
0.251186197871
0.258501821738
0.256487340591
0.264076961897
0.271379319014
0.278409131936
0.270813026681
0.273888745034
0.262466190229
0.257234207196
0.263099622252
0.266553898653
0.273486562097
0.271583308254
0.275348760007
0.280311492904
0.276852232372
0.281563360073
0.286310472734
0.278392760764
0.277643690033
0.283697643282
0.285241203378
0.285327971554
0.281506120621
0.28883427372
0.292032464921
0.297900387541
0.299799008547
0.288754327963
0.295977099151
0.291276328289
0.276866248065
0.279899523063
0.283368556631
0.272060672575
0.226907147342
0.226091892059
0.206773666491
0.171418150869
0.175028566375
0.181880372692
0.188384770265
0.160069682474
0.156916015541
0.145226643036
0.139908225517
0.144570562348
0.13673577264
0.137397640692
0.135519713018
0.134563893989
0.132399286429
0.140209615658
0.145189943444
0.150285383214
0.143843081911
0.145107298441
0.151395409745
0.159179837232
0.152682821254
0.146711167053
0.150084426686
0.143976997267
0.148181731621
0.154628231669
0.159495791538
0.16155887506
0.161001485924
0.165051081979
0.160760417062
0.147533355409
0.102628317385
0.110360005079
0.117776866621
0.125084502722
0.130062023788
0.136721316309
0.144202752002
0.148885684884
0.142117526017
0.147329531408
0.144188302639
0.128657398741
0.133133664056
0.13014364193
0.137450030312
0.144219056004
0.152091402326
0.14935438765
0.142909735563
0.147826234256
0.146766440499
0.153024101065
0.149648901354
0.154555310951
0.148267946925
0.154147914799
0.139700444659
0.145348427433
0.136213985606
0.14335459014
0.146510247827
0.154025109252
0.146199596826
0.149928409031
0.15482963213
0.159306224933
0.164522647183
0.1573618323
0.158215537074
0.154262762678
0.161038913488
0.166417374593
0.1628619219
0.166585768119
0.158114778155
0.160231244711
0.164504115352
0.171858450572
0.170084156319
0.169294255489
0.174004186897
0.181510846442
0.186518251595
0.193456975871
0.195766793904
0.175338466902
0.163190852278
0.161312434376
0.169253850439
0.172045788073
0.16562230761
0.161750218405
0.150982507067
0.139883688042
0.130786206589
0.138072891822
0.12939072231
0.124117925324
0.130025719226
0.130631543685
0.129308403015
0.124276485563
0.123665185014
0.130616908257
0.138140069672
0.135026274328
0.134977506487
0.142048460657
0.145680197553
0.152473100393
0.143478463885
0.126813455574
0.134372738365
0.135015773454
0.13882981875
0.145512577677
0.14199556657
0.14778462145
0.147472639395
0.150168566268
0.14645981209
0.126162740842
0.127643679736
0.132727879327
0.128830207442
0.127406923578
0.132455135154
0.129783244136
0.132750601978
0.136533536285
0.143234158599
0.140173660089
0.128751828196
0.132100258158
0.138241683192
0.138434902203
0.144253851172
0.144910966486
0.145839106173
0.151616128087
0.157519876971
0.164989554734
0.169761427054
0.169708989998
0.174047253423
0.172257327901
0.166388978428
0.163615133561
0.156591671126
0.162047026613
0.166150759876
0.173171224597
0.174013540021
0.179633264484
0.18286094754
0.186677682238
0.191708966529
0.189992312532
0.165152904254
0.169834206326
0.164310346288
0.16204111077
0.152392600913
0.147262201168
0.143935515581
0.139493310737
0.142968378806
0.14512118986
0.144739272346
0.139066456835
0.142879035875
0.13603781392
0.139379705512
0.10198148247
0.0734397044058
0.0724628771343
0.0748477399818
0.0825121479542
0.0790323098777
0.0800115044174
0.0798314366081
0.0702221108361
0.0725870685281
0.0713711347364
0.0735539487366
0.0765813716067
0.0736797324599
0.0806200993055
0.0853313641605
0.090775783868
0.0620346985939
0.067585752056
0.0710660881125
0.0699290517562
0.0744463868939
0.0800647266997
0.0856108076705
0.0889270714161
0.0941086550123
0.0912738304303
0.0934438725281
0.0983696203546
0.0986547547789
0.0994627501376
0.10212966804
0.0909820982823
0.0831936128522
0.0694278252676
0.0733436881179
0.0769790930921
0.0848689969431
0.0837311177735
0.0778392077911
0.0678729659832
0.0660156084378
0.0519889191698
0.0439785522371
0.0435443423851
0.0470663813876
0.0474707982525
0.0365921822657
0.0439890663017
0.0517785831369
0.0529326320228
0.0602750317341
0.0658294527241
0.0660659742746
0.0497892677907
0.0521130756316
0.0590063166586
0.0534207289818
0.0571980145092
0.057166177855
0.0627664871885
0.0645219819265
0.0633276401582
0.0707066688376
0.048818701848
0.0551832638885
0.0600609216727
0.0661339574265
0.0741137398069
0.0624644529434
0.0589464308444
0.0641446453777
0.0624424143105
0.0679999030953
0.0753804019004
0.0790411067252
0.0804302592064
0.082806092329
0.0895808857259
0.0946056518573
0.0923975954076
0.0959911436988
0.10248784381
0.0990361033767
0.102029527716
0.100028199755
0.0861285246803
0.0939210174058
0.10070106632
0.0991202709859
0.102539277187
0.105795251205
0.106704047683
0.11291640213
0.110954272838
0.115571709687
0.105855929578
0.0779867512463
0.0757697134124
0.0591094848315
0.0669017488878
0.0723916931138
0.0690181349612
0.0
0.000466252026379
0.00449955513928
0.00412301122202
0.00690388716237
0.0134957517253
0.00974604185379
0.0139988131219
0.0101902823357
0.0164430837677
0.0181540992632
0.0158312148492
0.0206493311086
0.0178126572871
0.0122567713091
0.0126399129596
0.0198550271393
0.0199516432618
0.0181809919705
0.0088513815313
0.0
0.00163845979741
0.00837685262192
0.0145264572368
0.0139173295715
0.0152550642936
0.0214324166511
0.0256762036989
0.0239272020254
0.0279593844505
0.0358699221099
0.0279168092009
0.0288044364395
0.025847120589
0.0336361667787
0.0372229958774
0.0254864852931
0.0278348964955
0.0157246232946
0.0232399516307
0.00905286888868
0.0139855174447
0.00262542043423
0.0
0.00218705266256
0.00555763456202
0.0
0.00547297792897
0.0
0.0
0.0
0.0
0.00740826359784
0.0060844442722
0.00321459942113
0.0
0.00606125789397
0.0
0.0
0.0
0.00750966681206
0.0110846794441
0.0188944223095
0.0233921780145
0.0257556371781
0.0202801538185
0.027106998973
0.031008314733
0.0379775025185
0.043857357676
0.0517815194003
0.0519538144895
0.0492112653846
0.0402068460415
0.0387492708987
0.046231902342
0.053286525769
0.04460977403
0.0407793832311
0.0478573356766
0.04788769139
0.0415497691087
0.0424473542501
0.0456693898545
0.0477929722325
0.0514444399927
0.052253526173
0.0541723600132
0.057642977705
0.0624220889299
0.0678901865089
0.07311893221
0.0748812547626
0.0810809328774
0.0832863262409
0.0809036616197
0.0815138731612
0.0809874259998
0.0806527995921
0.0885373973726
0.0867103252748
0.0897498726343
0.0806040950121
0.0634076756796
0.0646866980448
0.0634970269345
0.0601211518702
0.067750965652
0.0756461571152
0.0820933161953
0.0780443909429
0.0738426191614
0.0713916065832
0.0733662960689
0.067720582386
0.069453488591
0.0718738484767
0.0797657716323
0.0763515503479
0.0769359907373
0.0687119028745
0.0652015930007
0.0635443745352
0.0670616109672
0.072031640341
0.079934976042
0.0868987228805
0.0820411540205
0.0871313817415
0.0787726336881
0.0764675132407
0.0559080749982
0.0630459471769
0.0650447908426
0.0694240281983
0.0745675016682
0.0720511709094
0.0722784022786
0.0558984134896
0.0624441915734
0.0672758436173
0.0702630176602
0.076209414386
0.0815155888323
0.0845235127775
0.0865738685456
0.0698968649726
0.0728021299096
0.0693544255968
0.0679852485993
0.0728198739381
0.05397941472
0.0417147732388
0.0492691467202
0.0372615624516
0.0448443879756
0.052379895884
0.0600655011255
0.0664235100133
0.073302156758
0.0762098393317
0.0628571506224
0.0552540916095
0.0380423040308
0.0429232376434
0.0504486664835
0.0578893755482
0.0410371210257
0.0452150905534
0.0500131756226
0.0359625529513
0.0329643775696
0.0330653635035
0.0367222280717
0.044571643529
0.0341967111674
0.0405676402764
0.0477528425073
0.0551281968399
0.0630928953808
0.0593031912333
0.040988681235
0.0415040797285
0.0416644988078
0.0467014343381
0.0533666301672
0.0412780108651
0.0386120901515
0.0273654983753
0.0281536789877
0.0198634790971
0.0264574759259
0.0339061963684
0.0376950354536
0.0408007844003
0.0391581430865
0.0458394206513
0.0530386066176
0.0608119880566
0.0671966616305
0.0730661748939
0.0690704517007
0.0724322815359
0.0793958623954
0.083079792387
0.088675428836
0.08809433205
0.0765071789667
0.0844454702084
0.0880143963401
0.0798191902607
0.0817907503233
0.078013439073
0.0643358100443
0.0707383827336
0.0760110491908
0.081008390741
0.0887673937259
0.0920675576619
0.0959390076108
0.093823666343
0.0987479669481
0.0831661274136
0.0890031315557
0.0844478370742
0.0836148585414
0.0912374977824
0.0991474098549
0.106952474596
0.106756569475
0.106421080997
0.104693808576
0.108662074114
0.103710955371
0.107893954277
0.0931776380139
0.0976367981077
0.0977547683804
0.0983864422154
0.0784615643361
0.0805208565072
0.0772611440348
0.081588503589
0.0850779152215
0.0879164811291
0.0954806428455
0.102714921854
0.108199037849
0.111529603215
0.109938757748
0.10331514724
0.100230860804
0.0802570971206
0.073012042471
0.0806719477988
0.0830418634965
0.0838047642392
0.0705187801718
0.0685145370766
0.0653129791638
0.0652773163909
0.0654120211417
0.0733542841833
0.0783450665508
0.0794160789107
0.07137361702
0.0765743749666
0.023629856688
0.00688831379977
0.00609982136334
0.0109998880261
0.0174858678265
0.0146214128854
0.005733756017
0.00319344422993
0.00776624581625
0.0113057524184
0.0178133018414
0.0195903941249
0.0270091707223
0.0253441038817
0.0204225279243
0.02733133066
0.0333997093248
0.0402168878726
0.048041024042
0.0535325109522
0.0573684513767
0.0324806067877
0.0339761801849
0.030191544819
0.0239552887424
0.0317953890771
0.0249578298062
0.0328216952093
0.0374656466368
0.0337734845601
0.0276622186472
0.0344925622573
0.0366145520848
0.0417600526644
0.0152743389682
0.0181687002506
0.0193313995341
0.0246421048742
0.0119396830005
0.0197864129537
0.0208286565521
0.0241685861166
0.0261847764722
0.0339137854638
0.0323125218315
0.0302945315314
0.0378025573629
0.0309917745659
0.0222838061037
0.0226514523508
0.0217460677184
0.0191697389275
0.0203305882157
0.0229985558908
0.0301276621905
0.0166760501863
0.0202041463178
0.0274657808348
0.0337118692569
0.0212572296169
0.0176523923803
0.0246582998342
0.0294365670438
0.0241957746805
0.0280366693736
0.0302197088945
0.0366484823644
