0
0.0
0.00782493825678
0.0095514156276
0.0
0.00460182087683
0.00836473130308
0.00938823020498
0.0170425111389
0.023522728495
0.0294969004127
0.0124577702802
0.0115374135107
0.015869892923
0.0209700043134
0.0283533386902
0.0321493108189
0.0350213384559
0.0312554104898
0.0365020401645
0.0416368838155
0.0471851997639
0.0323552662064
0.0402731839343
0.045729791457
0.0500303478101
0.0518332806409
0.0591586443205
0.0543351293423
0.0569773865421
0.0625295961279
0.0605114822712
0.0631141681257
0.058663734894
0.06660568832
0.0657760610058
0.0704682629012
0.0697044321687
0.0583998120187
0.0653146385176
0.0676250797319
0.0737684322804
0.078355552254
0.083867257992
0.0907794718874
0.0858946401413
0.0909303458055
0.0966210244361
0.0963789411737
0.0893740295337
0.0867295378912
0.0887114487772
0.0941042390812
0.1012342604
0.0983752404864
0.0943650477919
0.099641265543
0.104179967507
0.0991491289744
0.106689995948
0.111039095629
0.118854101022
0.117827959452
0.119773096614
0.125176108734
0.128426238844
0.12064507065
0.123947070068
0.126746459193
0.132650748501
0.136062258971
0.140833593045
0.133627735518
0.1408077994
0.146603620104
0.144473617817
0.151688447554
0.159299982303
0.165399889891
0.170001585775
0.154383058824
0.160740638992
0.16864714882
0.167468839087
0.17333370081
0.17512433893
0.181369539102
0.179100969767
0.182981435244
0.180322897638
0.181565394192
0.177081389967
0.18426579075
0.183806853109
0.190849861476
0.1977151001
0.201562616457
0.20450432571
0.20310634002
0.210557211892
0.217774662273
0.22304273312
0.229654127169
0.234233630945
0.237602454383
0.239331369724
0.244114803451
0.250024878648
0.252599750438
0.251921514414
0.244775362899
0.252395580948
0.259541544341
0.253849368077
0.259435681898
0.237785283838
0.238246030304
0.237565770453
0.234165345362
0.241644807307
0.243461320255
0.240446388531
0.248038842993
0.225692236376
0.232236824379
0.206319433521
0.207452047774
0.202634479182
0.205087471508
0.212857688894
0.220407008499
0.223182350787
0.225556750878
0.232501058702
0.227947384005
0.218504839171
0.224375082178
0.231367384262
0.224163927138
0.22731659665
0.229099953958
0.226955433912
0.232979943863
0.23078293337
0.23564986518
0.239850742779
0.241888098899
0.248508502205
0.255134624668
0.261640347442
0.268538563955
0.22556556097
0.222793109824
0.22179860635
0.228319615311
0.226220727001
0.234214038539
0.235754515514
0.232403590788
0.205625795056
0.208858880465
0.211187003639
0.19679702083
0.199888791911
0.196599085227
0.203264562942
0.206203010549
0.207148283235
0.213123283373
0.212034118109
0.216422963248
0.202977413265
0.208822961977
0.204022285168
0.211425253975
0.213761637347
0.218304612495
0.20904720522
0.21492004816
0.21812260231
0.20873739554
0.203400685309
0.173562087429
0.144286338488
0.145424416834
0.150333823624
0.137496495403
0.144457959628
0.148167760737
0.151638285088
0.154849937936
0.16084898939
0.166911765276
0.173840399743
0.177856325142
0.18232480776
0.174609802345
0.174186472197
0.181668019507
0.175673141922
0.181971687016
0.176752073206
0.182205403611
0.186419171802
0.193002106549
0.200053092639
0.2058417821
0.211091715997
0.217485891452
0.22209540576
0.217678700367
0.224700826631
0.22365987615
0.218970732276
0.215713707283
0.217217232907
0.185307187277
0.192724076115
0.198274488855
0.199477119593
0.188535474516
0.19476622991
0.192029078412
0.190750322134
0.196371807082
0.19759272024
0.201969838483
0.208147477724
0.209030651763
0.208593458679
0.207474553845
0.209974430726
0.205023103639
0.176288900945
0.183426987169
0.189386423016
0.197272885172
0.204674430553
0.20811084148
0.181817360479
0.181119659985
0.170193288507
0.176838422223
0.177532363261
0.168077001811
0.160186891648
0.156522079689
0.15908925192
0.157707406318
0.160944698169
0.161807780579
0.134703396987
0.13349164927
0.139686849343
0.137499578171
0.141746879007
0.145905785637
0.151613074426
0.159581049413
0.162152600017
0.169458959452
0.177341974629
0.184420424126
0.191420496854
0.191720118815
0.190115562242
0.191998248719
0.194965092501
0.199281354611
0.196950304129
0.202685714634
0.209028611459
0.215577232766
0.210565541353
0.204492402915
0.199100831041
0.197206838566
0.201509677475
0.204812247073
0.212767864727
0.214406095268
0.219718404493
0.221190061653
0.223221813204
0.22674819404
0.234637143197
0.231330283158
0.216356225501
0.219434119455
0.227332566532
0.213745465123
0.204982798299
0.20322924042
0.209979859939
0.207930703944
0.215472873058
0.205583937897
0.204358293322
0.196359762356
0.201397856487
0.199475307252
0.197271026238
0.194378137642
0.19758376356
0.196114080707
0.201142802712
0.188701243973
0.190936748634
0.19274011149
0.197418201376
0.1863314643
0.175768754959
0.179065817091
0.185189226145
0.192855123097
0.18771311076
0.183140362808
0.183324793404
0.190663058144
0.176114750824
0.166142124015
0.173442400418
0.176183563352
0.171492722638
0.174874234036
0.167654231513
0.166625809124
0.167770753004
0.170598281837
0.177103750481
0.182599130667
0.177948802005
0.185347659974
0.179126263246
0.171196155714
0.174698713186
0.169915918607
0.169721835269
0.16645352317
0.171679283626
0.175753019845
0.160313268448
0.16761045079
0.167346005777
0.169265851262
0.171141315092
0.176995621036
0.171315975004
0.176507377579
0.173661598364
0.179019153033
0.186688954619
0.191340864082
0.156081082976
0.16306955213
0.168626468183
0.150123181191
0.152435737641
0.15022952515
0.145731710469
0.150734997952
0.154575762209
0.156959986007
0.164741739723
0.171337798031
0.156701229144
0.150183546036
0.157864037881
0.163849167801
0.164469140686
0.146984273583
0.151046489819
0.157407646734
0.16109184124
0.153930809779
0.160425187761
0.150744842611
0.157534503421
0.163248146574
0.169308836062
0.173186499102
0.163270936482
0.168825786975
0.17515047861
0.180745031161
0.171337239983
0.177636750665
0.18354604609
0.180840208914
0.18768465911
0.193517868462
0.198303713044
0.206194423954
0.211879204273
0.207823528324
0.202907912718
0.1965174814
0.203720159445
0.19286416251
0.199452488072
0.205524436373
0.206648589677
0.207678884392
0.210073665135
0.214636107986
0.218556192751
0.224631463468
0.231674647565
0.233751573883
0.238015049068
0.243080654852
0.243979024732
0.251706574189
0.252283342211
0.259647369947
0.264614864106
0.255971618564
0.259594176286
0.261665219547
0.262999826726
0.269414853031
0.275839640018
0.282728329414
0.284951773684
0.282607992074
0.288641281127
0.294298940666
0.273314977385
0.277367250995
0.283715774046
0.286168929931
0.28262278961
0.2853480142
0.285358916542
0.266204334917
0.264429427676
0.271972436006
0.272490353411
0.242817308466
0.232540312359
0.227271719792
0.2343542085
0.211940840543
0.219921509037
0.217634123241
0.225274372002
0.232104404908
0.237598729762
0.241029035798
0.245439554868
0.248477381308
0.253150319806
0.25094996987
0.252968769868
0.253545569588
0.259822265357
0.260134918165
0.259863499201
0.26583457481
0.259417491226
0.260817283735
0.260445102355
0.264462509959
0.260140815867
0.267035275163
0.272989686271
0.273274880711
0.266534404833
0.273301382804
0.277456021083
0.283522261761
0.281285154477
0.269352115073
0.273931212559
0.261323854434
0.268145397753
0.266138394259
0.271426559864
0.241476973488
0.248848316242
0.245244826559
0.246236959327
0.244457462163
0.235340656435
0.231627444591
0.22447893815
0.212228632658
0.213630452552
0.216457771437
0.222442448705
0.228570981345
0.23627284835
0.235907978068
0.221530127501
0.221603657152
0.217277725086
0.22523853119
0.224496517017
0.228960595522
0.235841268022
0.23136467212
0.232352191224
0.238404094007
0.237514896258
0.23279317974
0.23340275363
0.235185050296
0.230127497698
0.236411668408
0.243537222721
0.244127192383
0.250536022529
0.250099948673
0.238828184549
0.24679402193
0.252979104092
0.258048346291
0.252486137689
0.260394330109
0.248326852128
0.254537251644
0.262476622254
0.264522573894
0.2625137427
0.269794832856
0.277505487093
0.281673893791
0.274208353176
0.277587844566
0.281792134058
0.259861555785
0.258416518415
0.264379034835
0.265487944308
0.266477080478
0.265052864743
0.270153315308
0.277953493668
0.278864367703
0.286132764845
0.291817810948
0.296652197898
0.300540812742
0.293786768223
0.301300904556
0.303645821334
0.304143636698
0.303892463135
0.305159475046
0.312851097764
0.316250043574
0.314660255426
0.305583069001
0.310695310523
0.316587310411
0.320557716234
0.325342655989
0.332580608448
0.325551258305
0.318437454375
0.297129597659
0.30471405846
0.309783236274
0.300274679574
0.30165498121
0.309424736802
0.303938231633
0.310156375512
0.31683306639
0.320144487346
0.326932635603
0.332235584581
0.331746933529
0.317965166357
0.325019151039
0.329187184542
0.337060506114
0.338517737737
0.328844351168
0.326848297808
0.327396723279
0.333101579039
0.328063952068
0.316491979212
0.323689730734
0.324069494602
0.32261799086
0.33007637447
0.337561380335
0.343876340206
0.347964582754
0.353902558269
0.355809982916
0.358358955258
0.355383013124
0.355979929466
0.362344690277
0.353098933549
0.358300042955
0.349396278649
0.34537161191
0.337130994481
0.344895290887
0.351830200208
0.330776761331
0.333944538858
0.322519709672
0.322166175691
0.317781499774
0.310062503747
0.309891484765
0.316767238162
0.315421148488
0.320513820956
0.323828308267
0.323822598028
0.314727309992
0.315713949147
0.303620867595
0.30983135982
0.311901252541
0.318379747793
0.324039126342
0.31518549983
0.29987222985
0.295944969261
0.302202985292
0.301900255515
0.304667198314
0.284478095819
0.278800547864
0.278504643406
0.259374350498
0.260584043005
0.267353544457
0.266027621949
0.258609690973
0.265169076454
0.271537269191
0.275038657374
0.275658814513
0.281380905673
0.282377418796
0.285590180012
0.278623801117
0.286259053372
0.28783365349
0.292053629603
0.299330408568
0.304408092228
0.308664568337
0.303005734426
0.310814154606
0.318800662566
0.326746920774
0.324946108542
0.320296100143
0.326839620104
0.316962070904
0.323171764057
0.324973006996
0.321234539402
0.318658624393
0.317113805521
0.321943019787
0.316406318327
0.322563454826
0.328573014623
0.320339126761
0.322565041068
0.303850262867
0.310705593862
0.311690976783
0.313323264882
0.318110597328
0.314056557072
0.313057527518
0.286342574816
0.293619144342
0.300757201217
0.305033941184
0.312644874365
0.319440369573
0.319854957909
0.323492674756
0.325848616877
0.309693761635
0.310886973158
0.318708337144
0.326661043138
0.326934860055
0.330481962647
0.326645467613
0.32685931787
0.330283794602
0.334692241634
0.330865528831
0.33669301055
0.333631513867
0.340527659452
0.34271343155
0.347414250029
0.344379886369
0.342569060198
0.344737243959
0.34777577392
0.343240865409
0.330639138981
0.328057860035
0.329187176731
0.330421932217
0.326933693374
0.331751431803
0.334058105755
0.340230695809
0.344514195231
0.340899966591
0.344034115202
0.32783126298
0.333807576683
0.340927232188
0.331590061577
0.330600907819
0.333718647137
0.333005990171
0.335927261302
0.33586535063
0.335355818898
0.322988777771
0.325487328859
0.330111331981
0.329047431998
0.330807684869
0.338285938917
0.344030366899
0.351443759945
0.338778739121
0.32104397925
0.315503348778
0.319606232558
0.324022092806
0.3281096059
0.32120414405
0.316934223305
0.317588906852
0.319715266045
0.32494097042
0.328821005564
0.313609844901
0.320473652953
0.324173763017
0.32534968991
0.332415933864
0.325907416972
0.323760461764
0.296138801222
0.29866357061
0.280477860295
0.284974305157
0.289410049845
0.281722575141
0.28863314487
0.29208557009
0.297094495223
0.300984925713
0.296931150354
0.298532658756
0.283682694872
0.26870687574
0.272790269992
0.278175958823
0.255218357767
0.253596493217
0.260910424568
0.261097380526
0.252915280835
0.258236977449
0.251696889027
0.24740191029
0.243870699898
0.250844150115
0.25813329321
0.22610370077
0.22517804486
0.215197280719
0.19964462229
0.205310087198
0.201861780742
0.208459672759
0.190969085431
0.198355705934
0.188078812939
0.191551610042
0.195862753073
0.201073191623
0.208912358894
0.210300399726
0.207149602937
0.205515048698
0.201968032775
0.206460262621
0.201489214518
0.202885352749
0.205194982748
0.211116569191
0.216774434762
0.224736015347
0.230283638527
0.2356742802
0.241249069498
0.24830068832
0.243463857031
0.235445631167
0.239986618118
0.235375296875
0.240977420255
0.243392287597
0.247678423577
0.24271683042
0.240720527192
0.245039594721
0.245720350381
0.251059988958
0.255373200071
0.260084075564
0.265242387063
0.271727808441
0.273136018893
0.273412535274
0.280956215097
0.288545249984
0.276951421569
0.28246459624
0.285384668876
0.263034430737
0.25494083188
0.255577148472
0.263158690714
0.225059861321
0.213180791815
0.218565160917
0.218682424535
0.206384595544
0.200457610961
0.206304364319
0.209561413449
0.203403148963
0.206710640601
0.208318403735
0.20969700659
0.214640521213
0.222620268788
0.217187516651
0.224396427656
0.230200187851
0.221560956927
0.22391622565
0.219355126211
0.224757178163
0.229306884495
0.234868698125
0.236129666755
0.218825132687
0.204460032124
0.21223267327
0.214171915832
0.221843259766
0.229541887474
0.220694392212
0.211231091994
0.218987752381
0.209307346868
0.217075597228
0.219547721645
0.222671081305
0.217034405985
0.224260023555
0.206633735398
0.207661939279
0.214617765931
0.219478525991
0.222090332997
0.218844653153
0.226473472348
0.231536342979
0.233278894384
0.236711068239
0.243968632492
0.249882065154
0.240429985954
0.242969863822
0.247751334289
0.249223991677
0.245959207968
0.253436113899
0.251087872208
0.257068970599
0.261317413241
0.269311343122
0.277290339504
0.284653273668
0.271475908015
0.278296698459
0.280261573942
0.286266199895
0.291920456662
0.283545538258
0.289625212635
0.296674312084
0.2879904172
0.281744091681
0.271360049962
0.278671057146
0.282634027081
0.290252150372
0.295376645005
0.285864784639
0.290612348181
0.297147333015
0.288311485768
0.293709529026
0.294232004161
0.287416563183
0.295296819893
0.281653363965
0.287881378547
0.29361036539
0.300345684717
0.307136547031
0.30312399838
0.309303335831
0.316985666561
0.31265605702
0.304582236865
0.312039093187
0.318480102792
0.309681732933
0.317317591338
0.324124323863
0.320595547868
0.328112658278
0.330932106931
0.334696046834
0.337255533466
0.332474046728
0.333541971686
0.315371695358
0.321971533474
0.326141767725
0.332030515602
0.323449169639
0.32993863246
0.335994230392
0.339619305266
0.330267628794
0.330742305197
0.333530635897
0.330058312302
0.332410009368
0.301631066356
0.294638526043
0.301899781497
0.309470585789
0.317263505989
0.319331208433
0.318745020375
0.321871877092
0.329145359836
0.327219823708
0.331909493845
0.339580924844
0.344713378584
0.33851206161
0.340249812768
0.345497706073
0.348402083578
0.316677785669
0.320742627268
0.314987742498
0.322781165229
0.313835373741
0.319660258491
0.313468257186
0.315542222301
0.318505787205
0.314024579485
0.319766847285
0.327229459579
0.333525727352
0.334952214165
0.342509250634
0.349620283049
0.342636918447
0.345703868218
0.35236459469
0.360348671642
0.358703571767
0.364717192747
0.34970115561
0.348296391985
0.350406146625
0.342276286582
0.345605798865
0.334313459062
0.334760241066
0.340630311836
0.348162099859
0.344939843236
0.347322172613
0.343311079295
0.346486189478
0.341401827593
0.345441238135
0.348686661042
0.353372914764
0.360968038583
0.361467501807
0.367246078726
0.371936133248
0.375655581245
0.378541252778
0.375330261362
0.367346817927
0.367492747054
0.363110192446
0.347605554846
0.35136374823
0.35193841477
0.358902360718
0.362150108495
0.370084076536
0.377619650601
0.351930308623
0.357472141776
0.36004401726
0.347534788585
0.343043808822
0.345922977378
0.339629001668
0.345207549017
0.336583652711
0.343500697392
0.329370509614
0.336221371302
0.343862481996
0.343381311115
0.311320865708
0.305914267651
0.257598239477
0.250536604766
0.257011860722
0.264119740923
0.257379375343
0.244287634085
0.238317619108
0.239639166902
0.209695631636
0.207689703007
0.195663640816
0.203499959324
0.211057310099
0.215036981153
0.209877209154
0.211571101824
0.219426673036
0.211655105736
0.194055036694
0.194955051696
0.191991148674
0.148248317039
0.150844916828
0.156417601473
0.158264202599
0.166002903468
0.173639619292
0.177437304385
0.174925375685
0.178226912855
0.181337660621
0.183167230439
0.184937357695
0.180065408264
0.183264633651
0.174813225608
0.171064159822
0.178313731894
0.168773304068
0.168855645535
0.176278299313
0.174419636243
0.170770896321
0.161545046838
0.168692087339
0.1697329809
0.147936648874
0.154954820305
0.158304288111
0.162372413118
0.157097856377
0.16072447946
0.166153045766
0.16580343782
0.170114450497
0.17462123253
0.167058556377
0.164438999694
0.172367360995
0.178232427934
0.185598288675
0.185952366203
0.193345270616
0.194543757624
0.201900736169
0.209554232301
0.216785374654
0.224096543616
0.226241101337
0.223528902938
0.222409929727
0.217812050231
0.221465808348
0.224797078184
0.232654338096
0.233829428416
0.241586374152
0.240847776897
0.239661917523
0.234364619189
0.235321180525
0.22574079174
0.227531937677
0.224412630748
0.231254987569
0.224950387666
0.223885883404
0.231155673591
0.219021681574
0.212141194077
0.194163833391
0.188864908265
0.193262180812
0.201096965511
0.205194046422
0.211536761433
0.21371726263
0.218727261796
0.222952383154
0.230059873766
0.235395672356
0.242562341691
0.232210535229
0.239217080092
0.24023239242
0.227428676637
0.22949335613
0.234469925957
0.236890428565
0.238744366845
0.246732118453
0.247838413151
0.252801760208
0.258032138917
0.256216915775
0.264071489785
0.26940367402
0.276836473411
0.263561570484
0.241263389155
0.247383452085
0.252665488732
0.258471441775
0.26509422123
0.270246868936
0.26435468083
0.271644993581
0.273460459875
0.277930871055
0.284665645276
0.285351647368
0.281266017505
0.278802498745
0.274116621326
0.280749364784
0.280904875713
0.279167751666
0.286855266972
0.294310263562
0.301677859278
0.309043063087
0.306647785439
0.311571721613
0.318435727988
0.326374309462
0.332413194277
0.334598520827
0.334495154532
0.32834676017
0.322996032882
0.324832633683
0.322527128538
0.320525098766
0.297225633813
0.294689608397
0.293123488895
0.29849049253
0.300875426399
0.30482054675
0.310947581428
0.290333035648
0.293649873469
0.295469655682
0.302859078397
0.307770286388
0.311825884811
0.317746846192
0.307465144721
0.313827793699
0.317100102174
0.325092583744
0.322022704021
0.312780372746
0.319855049863
0.327500084259
0.333791777741
0.33615938428
0.342236081798
0.341095162817
0.344454986081
0.35216708357
0.341690815416
0.341714780248
0.345574169159
0.346129153301
0.324185087264
0.329349829801
0.336030312332
0.335500272892
0.331738051708
0.338649463599
0.33959908731
0.33780033324
0.341475705835
0.340985721214
0.342095946313
0.337982126243
0.341363396889
0.348185825541
0.353205442686
0.361093522702
0.364604318075
0.371847150422
0.376007715393
0.358185802118
0.350894942167
0.339693242328
0.344581338133
0.34549980501
0.352402186098
0.353666087831
0.342993143778
0.345286022134
0.35082683422
0.356287074339
0.360334285236
0.355722258665
0.357826501417
0.358074637912
0.360807027111
0.367882932557
0.373546146875
0.37551273319
0.383248671533
0.387565142695
0.390738410557
0.397583630826
0.403712747389
0.411651469773
0.400688291322
0.385014025955
0.384488905316
0.37555857491
0.380744536003
0.385383220041
0.382176523673
0.385346451625
0.392315343776
0.392196698044
0.387004486165
0.39404715815
0.391435337896
0.399357251256
0.407229475955
0.413655957471
0.417398055834
0.423997372285
0.426873407247
0.433114463106
0.441084728762
0.436952152185
0.418392223381
0.421591861874
